0.000000000000000000e+00 -1.499920000000000009e+01 3.910000000000000281e-02
0.000000000000000000e+00 -1.483769999999999989e+01 3.815000000000000335e-02
0.000000000000000000e+00 -1.463925000000000054e+01 4.019999999999999962e-02
0.000000000000000000e+00 -1.443779999999999930e+01 3.880000000000000115e-02
0.000000000000000000e+00 -1.424119999999999919e+01 3.865000000000000380e-02
0.000000000000000000e+00 -1.403209999999999980e+01 4.030000000000000249e-02
0.000000000000000000e+00 -1.384169999999999945e+01 4.175000000000000239e-02
0.000000000000000000e+00 -1.364015000000000022e+01 4.005000000000000226e-02
0.000000000000000000e+00 -1.343339999999999890e+01 4.025000000000000105e-02
0.000000000000000000e+00 -1.324019999999999975e+01 4.159999999999999809e-02
0.000000000000000000e+00 -1.303760000000000119e+01 4.009999999999999676e-02
0.000000000000000000e+00 -1.284420000000000073e+01 4.265000000000000041e-02
0.000000000000000000e+00 -1.263445000000000107e+01 4.095000000000000029e-02
0.000000000000000000e+00 -1.244105000000000061e+01 3.965000000000000469e-02
0.000000000000000000e+00 -1.224109999999999943e+01 4.025000000000000105e-02
0.000000000000000000e+00 -1.203075000000000117e+01 4.009999999999999676e-02
0.000000000000000000e+00 -1.184149999999999991e+01 4.155000000000000360e-02
0.000000000000000000e+00 -1.163555000000000028e+01 3.975000000000000061e-02
0.000000000000000000e+00 -1.144160000000000110e+01 4.145000000000000073e-02
0.000000000000000000e+00 -1.123600000000000065e+01 4.134999999999999787e-02
0.000000000000000000e+00 -1.104100000000000037e+01 4.529999999999999999e-02
0.000000000000000000e+00 -1.084304999999999986e+01 3.780000000000000027e-02
0.000000000000000000e+00 -1.063289999999999935e+01 3.980000000000000204e-02
0.000000000000000000e+00 -1.044200000000000017e+01 4.109999999999999765e-02
0.000000000000000000e+00 -1.023889999999999922e+01 4.055000000000000271e-02
0.000000000000000000e+00 -1.003630000000000067e+01 4.280000000000000471e-02
0.000000000000000000e+00 -9.839000000000000412e+00 4.190000000000000668e-02
0.000000000000000000e+00 -9.638049999999999784e+00 4.564999999999999614e-02
0.000000000000000000e+00 -9.441449999999999676e+00 5.229999999999999927e-02
0.000000000000000000e+00 -9.231700000000000017e+00 6.210000000000000242e-02
0.000000000000000000e+00 -9.041599999999998971e+00 7.705000000000000737e-02
0.000000000000000000e+00 -8.841400000000000148e+00 8.705000000000000238e-02
0.000000000000000000e+00 -8.633749999999999147e+00 9.925000000000000488e-02
0.000000000000000000e+00 -8.442399999999999238e+00 1.088999999999999968e-01
0.000000000000000000e+00 -8.236000000000000654e+00 1.343500000000000250e-01
0.000000000000000000e+00 -8.042400000000000659e+00 1.471500000000000030e-01
0.000000000000000000e+00 -7.832900000000000418e+00 1.784499999999999975e-01
0.000000000000000000e+00 -7.640000000000000568e+00 1.966499999999999915e-01
0.000000000000000000e+00 -7.442899999999999849e+00 2.122999999999999887e-01
0.000000000000000000e+00 -7.229400000000000048e+00 2.323500000000000010e-01
0.000000000000000000e+00 -7.043300000000000338e+00 2.573499999999999677e-01
0.000000000000000000e+00 -6.838300000000000267e+00 2.613999999999999657e-01
0.000000000000000000e+00 -6.639549999999999841e+00 2.660000000000000142e-01
0.000000000000000000e+00 -6.436350000000000016e+00 2.812999999999999945e-01
0.000000000000000000e+00 -6.239300000000000068e+00 2.916500000000000203e-01
0.000000000000000000e+00 -6.041949999999999932e+00 3.279499999999999638e-01
0.000000000000000000e+00 -5.832050000000000622e+00 3.572500000000000120e-01
0.000000000000000000e+00 -5.643449999999999633e+00 3.961500000000000021e-01
0.000000000000000000e+00 -5.438299999999999912e+00 4.224999999999999867e-01
0.000000000000000000e+00 -5.236250000000000071e+00 4.655500000000000194e-01
0.000000000000000000e+00 -5.038100000000000023e+00 5.125999999999999446e-01
0.000000000000000000e+00 -4.838750000000000107e+00 5.398499999999999410e-01
0.000000000000000000e+00 -4.643049999999999677e+00 6.023000000000000576e-01
0.000000000000000000e+00 -4.434750000000000192e+00 7.076000000000000068e-01
0.000000000000000000e+00 -4.241299999999999848e+00 7.561999999999999833e-01
0.000000000000000000e+00 -4.041999999999999815e+00 8.360000000000000764e-01
0.000000000000000000e+00 -3.831299999999999706e+00 9.086000000000000743e-01
0.000000000000000000e+00 -3.641249999999999876e+00 9.726000000000000201e-01
0.000000000000000000e+00 -3.436650000000000205e+00 1.066250000000000142e+00
0.000000000000000000e+00 -3.240400000000000169e+00 1.159100000000000019e+00
0.000000000000000000e+00 -3.035949999999999704e+00 1.245299999999999851e+00
0.000000000000000000e+00 -2.838750000000000107e+00 1.314049999999999940e+00
0.000000000000000000e+00 -2.642900000000000027e+00 1.411449999999999871e+00
0.000000000000000000e+00 -2.430299999999999905e+00 1.446600000000000108e+00
0.000000000000000000e+00 -2.243500000000000050e+00 1.512249999999999872e+00
0.000000000000000000e+00 -2.037300000000000111e+00 1.572400000000000020e+00
0.000000000000000000e+00 -1.840050000000000185e+00 1.579949999999999966e+00
0.000000000000000000e+00 -1.637649999999999828e+00 1.611099999999999977e+00
0.000000000000000000e+00 -1.438050000000000050e+00 1.655349999999999877e+00
0.000000000000000000e+00 -1.242799999999999905e+00 1.662700000000000067e+00
0.000000000000000000e+00 -1.029300000000000104e+00 1.697599999999999998e+00
0.000000000000000000e+00 -8.417999999999999927e-01 1.713799999999999990e+00
0.000000000000000000e+00 -6.381000000000000005e-01 1.742599999999999927e+00
0.000000000000000000e+00 -4.381499999999999839e-01 1.746300000000000185e+00
0.000000000000000000e+00 -2.396999999999999964e-01 1.732899999999999885e+00
0.000000000000000000e+00 -3.880000000000000115e-02 1.742049999999999876e+00
0.000000000000000000e+00 1.577999999999999958e-01 1.705649999999999888e+00
0.000000000000000000e+00 3.677000000000000268e-01 1.720450000000000035e+00
0.000000000000000000e+00 5.587499999999999689e-01 1.694049999999999834e+00
0.000000000000000000e+00 7.602499999999999813e-01 1.682450000000000001e+00
0.000000000000000000e+00 9.684999999999999165e-01 1.684899999999999842e+00
0.000000000000000000e+00 1.158700000000000063e+00 1.682050000000000045e+00
0.000000000000000000e+00 1.362800000000000011e+00 1.666300000000000114e+00
0.000000000000000000e+00 1.559800000000000075e+00 1.629999999999999893e+00
0.000000000000000000e+00 1.765050000000000008e+00 1.643149999999999888e+00
0.000000000000000000e+00 1.961050000000000182e+00 1.625850000000000017e+00
0.000000000000000000e+00 2.157350000000000101e+00 1.605850000000000000e+00
0.000000000000000000e+00 2.369399999999999729e+00 1.590700000000000003e+00
0.000000000000000000e+00 2.556300000000000239e+00 1.560900000000000176e+00
0.000000000000000000e+00 2.762299999999999756e+00 1.553250000000000020e+00
0.000000000000000000e+00 2.961649999999999672e+00 1.514950000000000019e+00
0.000000000000000000e+00 3.163050000000000139e+00 1.482899999999999885e+00
0.000000000000000000e+00 3.362549999999999706e+00 1.434050000000000047e+00
0.000000000000000000e+00 3.556449999999999889e+00 1.389650000000000052e+00
0.000000000000000000e+00 3.768800000000000150e+00 1.339199999999999946e+00
0.000000000000000000e+00 3.956550000000000011e+00 1.315399999999999903e+00
0.000000000000000000e+00 4.161049999999999471e+00 1.256699999999999928e+00
0.000000000000000000e+00 4.364549999999999486e+00 1.173350000000000115e+00
0.000000000000000000e+00 4.560100000000000264e+00 1.088150000000000173e+00
0.000000000000000000e+00 4.762450000000000294e+00 1.035200000000000120e+00
0.000000000000000000e+00 4.958500000000000796e+00 9.798999999999999932e-01
0.000000000000000000e+00 5.166800000000000281e+00 8.989000000000000323e-01
0.000000000000000000e+00 5.358799999999999564e+00 8.069999999999999396e-01
0.000000000000000000e+00 5.559799999999999187e+00 7.348999999999999977e-01
0.000000000000000000e+00 5.766949999999999577e+00 6.895999999999999908e-01
0.000000000000000000e+00 5.959249999999999936e+00 6.396500000000000519e-01
0.000000000000000000e+00 6.162349999999999994e+00 5.997500000000000053e-01
0.000000000000000000e+00 6.359700000000000131e+00 5.826999999999999957e-01
0.000000000000000000e+00 6.562000000000000277e+00 5.662000000000000366e-01
0.000000000000000000e+00 6.761549999999999727e+00 5.386500000000000732e-01
0.000000000000000000e+00 6.956300000000000594e+00 4.954000000000000070e-01
0.000000000000000000e+00 7.170300000000000118e+00 4.690999999999999615e-01
0.000000000000000000e+00 7.358349999999999724e+00 4.394000000000000128e-01
0.000000000000000000e+00 7.562100000000000044e+00 3.941500000000000004e-01
0.000000000000000000e+00 7.762800000000000367e+00 3.684999999999999942e-01
0.000000000000000000e+00 7.960799999999999876e+00 3.151500000000000412e-01
0.000000000000000000e+00 8.163000000000000256e+00 2.853499999999999925e-01
0.000000000000000000e+00 8.356500000000000483e+00 2.580500000000000016e-01
0.000000000000000000e+00 8.569399999999999906e+00 2.323999999999999955e-01
0.000000000000000000e+00 8.756949999999999790e+00 2.018500000000000016e-01
0.000000000000000000e+00 8.960599999999999454e+00 1.844500000000000028e-01
0.000000000000000000e+00 9.165199999999998681e+00 1.725499999999999812e-01
0.000000000000000000e+00 9.358499999999999375e+00 1.476500000000000035e-01
0.000000000000000000e+00 9.563400000000001455e+00 1.380500000000000060e-01
0.000000000000000000e+00 9.757649999999999935e+00 1.193000000000000033e-01
0.000000000000000000e+00 9.967349999999999710e+00 1.103000000000000091e-01
0.000000000000000000e+00 1.015779999999999994e+01 1.095000000000000001e-01
0.000000000000000000e+00 1.035989999999999966e+01 1.033499999999999974e-01
0.000000000000000000e+00 1.056780000000000008e+01 9.260000000000000175e-02
0.000000000000000000e+00 1.075809999999999889e+01 9.220000000000000417e-02
0.000000000000000000e+00 1.096144999999999925e+01 8.035000000000000475e-02
0.000000000000000000e+00 1.115915000000000035e+01 7.674999999999999878e-02
0.000000000000000000e+00 1.136475000000000080e+01 7.325000000000000955e-02
0.000000000000000000e+00 1.156024999999999991e+01 6.475000000000000200e-02
0.000000000000000000e+00 1.175750000000000028e+01 5.879999999999999810e-02
0.000000000000000000e+00 1.196910000000000096e+01 5.580000000000000238e-02
0.000000000000000000e+00 1.215814999999999912e+01 5.115000000000000102e-02
0.000000000000000000e+00 1.236084999999999923e+01 4.825000000000000122e-02
0.000000000000000000e+00 1.256459999999999866e+01 4.389999999999999458e-02
0.000000000000000000e+00 1.276119999999999877e+01 4.279999999999999777e-02
0.000000000000000000e+00 1.296250000000000036e+01 3.975000000000000061e-02
0.000000000000000000e+00 1.315644999999999953e+01 3.969999999999999918e-02
0.000000000000000000e+00 1.336789999999999878e+01 4.090000000000000580e-02
0.000000000000000000e+00 1.355574999999999974e+01 3.835000000000000214e-02
0.000000000000000000e+00 1.376065000000000005e+01 4.055000000000000271e-02
0.000000000000000000e+00 1.396615000000000073e+01 4.164999999999999952e-02
0.000000000000000000e+00 1.415964999999999918e+01 4.114999999999999908e-02
0.000000000000000000e+00 1.436439999999999984e+01 4.064999999999999863e-02
0.000000000000000000e+00 1.455884999999999962e+01 3.840000000000000357e-02
0.000000000000000000e+00 1.476650000000000063e+01 3.984999999999999654e-02
