0.000000000000000000e+00 -1.499934999999999974e+01 4.209999999999999853e-02
0.000000000000000000e+00 -1.483745000000000047e+01 4.114999999999999908e-02
0.000000000000000000e+00 -1.463929999999999865e+01 4.284999999999999920e-02
0.000000000000000000e+00 -1.443775000000000119e+01 4.134999999999999787e-02
0.000000000000000000e+00 -1.424150000000000027e+01 4.195000000000000118e-02
0.000000000000000000e+00 -1.403229999999999933e+01 4.245000000000000162e-02
0.000000000000000000e+00 -1.384154999999999980e+01 4.000000000000000083e-02
0.000000000000000000e+00 -1.364029999999999987e+01 3.894999999999999851e-02
0.000000000000000000e+00 -1.343315000000000126e+01 4.114999999999999908e-02
0.000000000000000000e+00 -1.324050000000000082e+01 4.105000000000000315e-02
0.000000000000000000e+00 -1.303805000000000014e+01 4.209999999999999853e-02
0.000000000000000000e+00 -1.284389999999999965e+01 4.324999999999999678e-02
0.000000000000000000e+00 -1.263429999999999964e+01 4.145000000000000073e-02
0.000000000000000000e+00 -1.244235000000000113e+01 4.030000000000000249e-02
0.000000000000000000e+00 -1.224109999999999943e+01 3.930000000000000160e-02
0.000000000000000000e+00 -1.203130000000000166e+01 3.975000000000000061e-02
0.000000000000000000e+00 -1.184309999999999974e+01 3.864999999999999686e-02
0.000000000000000000e+00 -1.163555000000000028e+01 3.724999999999999839e-02
0.000000000000000000e+00 -1.144115000000000038e+01 3.700000000000000511e-02
0.000000000000000000e+00 -1.123685000000000045e+01 3.785000000000000170e-02
0.000000000000000000e+00 -1.104110000000000014e+01 4.145000000000000073e-02
0.000000000000000000e+00 -1.084325000000000117e+01 3.955000000000000182e-02
0.000000000000000000e+00 -1.063240000000000052e+01 4.139999999999999930e-02
0.000000000000000000e+00 -1.044205000000000005e+01 3.975000000000000061e-02
0.000000000000000000e+00 -1.023855000000000004e+01 4.149999999999999523e-02
0.000000000000000000e+00 -1.003659999999999997e+01 4.510000000000000120e-02
0.000000000000000000e+00 -9.839349999999999596e+00 4.549999999999999878e-02
0.000000000000000000e+00 -9.638049999999999784e+00 4.514999999999999569e-02
0.000000000000000000e+00 -9.441150000000000375e+00 4.984999999999999848e-02
0.000000000000000000e+00 -9.231700000000000017e+00 5.720000000000000084e-02
0.000000000000000000e+00 -9.041199999999999903e+00 6.475000000000000200e-02
0.000000000000000000e+00 -8.841550000000001575e+00 7.065000000000000446e-02
0.000000000000000000e+00 -8.633900000000000574e+00 8.385000000000000786e-02
0.000000000000000000e+00 -8.442650000000000432e+00 9.284999999999998810e-02
0.000000000000000000e+00 -8.236200000000000188e+00 1.079500000000000043e-01
0.000000000000000000e+00 -8.042199999999999349e+00 1.250000000000000000e-01
0.000000000000000000e+00 -7.833199999999999719e+00 1.422999999999999821e-01
0.000000000000000000e+00 -7.640249999999999986e+00 1.608499999999999930e-01
0.000000000000000000e+00 -7.442849999999999966e+00 1.772500000000000187e-01
0.000000000000000000e+00 -7.229800000000000004e+00 1.979500000000000148e-01
0.000000000000000000e+00 -7.043549999999999756e+00 2.071500000000000008e-01
0.000000000000000000e+00 -6.837949999999999307e+00 2.142999999999999905e-01
0.000000000000000000e+00 -6.640850000000000364e+00 2.275499999999999745e-01
0.000000000000000000e+00 -6.436350000000000016e+00 2.408500000000000085e-01
0.000000000000000000e+00 -6.239599999999999369e+00 2.508000000000000229e-01
0.000000000000000000e+00 -6.042199999999999349e+00 2.673499999999999766e-01
0.000000000000000000e+00 -5.831799999999999429e+00 2.897500000000000075e-01
0.000000000000000000e+00 -5.643449999999999633e+00 2.992500000000000160e-01
0.000000000000000000e+00 -5.438850000000000406e+00 3.232999999999999763e-01
0.000000000000000000e+00 -5.236549999999999372e+00 3.461500000000000132e-01
0.000000000000000000e+00 -5.038249999999999673e+00 3.786999999999999811e-01
0.000000000000000000e+00 -4.839349999999999596e+00 4.233500000000000041e-01
0.000000000000000000e+00 -4.642900000000000027e+00 4.619499999999999718e-01
0.000000000000000000e+00 -4.434350000000000236e+00 4.862000000000000210e-01
0.000000000000000000e+00 -4.241649999999999920e+00 5.080500000000000016e-01
0.000000000000000000e+00 -4.042099999999999582e+00 6.024000000000000465e-01
0.000000000000000000e+00 -3.831999999999999851e+00 6.728000000000000647e-01
0.000000000000000000e+00 -3.642249999999999766e+00 8.093000000000000194e-01
0.000000000000000000e+00 -3.436500000000000110e+00 9.247000000000000774e-01
0.000000000000000000e+00 -3.240099999999999980e+00 9.927500000000000213e-01
0.000000000000000000e+00 -3.035849999999999937e+00 1.071099999999999941e+00
0.000000000000000000e+00 -2.839300000000000157e+00 1.165249999999999897e+00
0.000000000000000000e+00 -2.642999999999999794e+00 1.309450000000000003e+00
0.000000000000000000e+00 -2.430499999999999883e+00 1.355949999999999989e+00
0.000000000000000000e+00 -2.243450000000000166e+00 1.478899999999999881e+00
0.000000000000000000e+00 -2.037899999999999601e+00 1.555699999999999861e+00
0.000000000000000000e+00 -1.840450000000000141e+00 1.617299999999999960e+00
0.000000000000000000e+00 -1.637750000000000039e+00 1.691749999999999865e+00
0.000000000000000000e+00 -1.438699999999999868e+00 1.726300000000000168e+00
0.000000000000000000e+00 -1.242599999999999927e+00 1.733699999999999797e+00
0.000000000000000000e+00 -1.029400000000000093e+00 1.785950000000000149e+00
0.000000000000000000e+00 -8.426500000000000101e-01 1.795150000000000023e+00
0.000000000000000000e+00 -6.380500000000000060e-01 1.833800000000000097e+00
0.000000000000000000e+00 -4.384000000000000119e-01 1.849650000000000016e+00
0.000000000000000000e+00 -2.402500000000000191e-01 1.861150000000000082e+00
0.000000000000000000e+00 -3.915000000000000424e-02 1.858950000000000102e+00
0.000000000000000000e+00 1.577500000000000013e-01 1.860500000000000043e+00
0.000000000000000000e+00 3.668000000000000149e-01 1.840300000000000047e+00
0.000000000000000000e+00 5.592500000000000249e-01 1.844749999999999890e+00
0.000000000000000000e+00 7.604499999999999593e-01 1.826449999999999907e+00
0.000000000000000000e+00 9.675000000000000266e-01 1.832400000000000029e+00
0.000000000000000000e+00 1.158900000000000041e+00 1.802799999999999958e+00
0.000000000000000000e+00 1.362849999999999895e+00 1.795150000000000023e+00
0.000000000000000000e+00 1.558999999999999941e+00 1.776750000000000052e+00
0.000000000000000000e+00 1.765050000000000008e+00 1.773900000000000032e+00
0.000000000000000000e+00 1.960599999999999898e+00 1.758249999999999869e+00
0.000000000000000000e+00 2.157099999999999795e+00 1.771349999999999980e+00
0.000000000000000000e+00 2.369400000000000173e+00 1.752399999999999958e+00
0.000000000000000000e+00 2.556350000000000122e+00 1.748250000000000082e+00
0.000000000000000000e+00 2.762100000000000222e+00 1.728899999999999881e+00
0.000000000000000000e+00 2.961650000000000116e+00 1.703400000000000025e+00
0.000000000000000000e+00 3.163400000000000212e+00 1.624950000000000117e+00
0.000000000000000000e+00 3.362400000000000055e+00 1.586149999999999949e+00
0.000000000000000000e+00 3.556400000000000006e+00 1.522050000000000125e+00
0.000000000000000000e+00 3.768100000000000005e+00 1.461600000000000010e+00
0.000000000000000000e+00 3.957250000000000156e+00 1.382849999999999913e+00
0.000000000000000000e+00 4.160800000000000054e+00 1.336100000000000065e+00
0.000000000000000000e+00 4.365149999999999864e+00 1.272199999999999998e+00
0.000000000000000000e+00 4.560100000000000264e+00 1.190300000000000136e+00
0.000000000000000000e+00 4.762349999999999639e+00 1.089550000000000018e+00
0.000000000000000000e+00 4.957800000000000651e+00 9.620499999999999607e-01
0.000000000000000000e+00 5.166699999999999626e+00 8.841999999999999860e-01
0.000000000000000000e+00 5.358299999999999841e+00 7.834499999999999797e-01
0.000000000000000000e+00 5.559300000000000352e+00 7.518500000000000183e-01
0.000000000000000000e+00 5.766949999999999577e+00 7.408500000000000085e-01
0.000000000000000000e+00 5.958949999999999747e+00 6.652500000000000080e-01
0.000000000000000000e+00 6.161100000000000243e+00 6.419500000000000206e-01
0.000000000000000000e+00 6.359449999999999825e+00 5.895500000000000185e-01
0.000000000000000000e+00 6.561949999999999505e+00 5.420000000000000373e-01
0.000000000000000000e+00 6.761300000000000310e+00 5.084500000000000686e-01
0.000000000000000000e+00 6.956300000000000594e+00 4.736500000000000155e-01
0.000000000000000000e+00 7.170500000000000540e+00 4.379500000000000060e-01
0.000000000000000000e+00 7.357850000000000001e+00 3.774500000000000077e-01
0.000000000000000000e+00 7.562099999999999156e+00 3.367999999999999883e-01
0.000000000000000000e+00 7.763500000000000512e+00 3.014499999999999957e-01
0.000000000000000000e+00 7.960399999999999920e+00 2.581999999999999851e-01
0.000000000000000000e+00 8.162649999999999295e+00 2.313500000000000001e-01
0.000000000000000000e+00 8.356700000000000017e+00 2.092999999999999861e-01
0.000000000000000000e+00 8.569500000000001450e+00 1.917999999999999983e-01
0.000000000000000000e+00 8.757350000000000634e+00 1.768500000000000072e-01
0.000000000000000000e+00 8.960399999999999920e+00 1.563499999999999890e-01
0.000000000000000000e+00 9.164649999999999963e+00 1.499000000000000055e-01
0.000000000000000000e+00 9.358499999999999375e+00 1.365500000000000047e-01
0.000000000000000000e+00 9.562799999999999301e+00 1.213500000000000134e-01
0.000000000000000000e+00 9.756949999999999790e+00 1.087499999999999994e-01
0.000000000000000000e+00 9.966599999999999682e+00 9.809999999999999276e-02
0.000000000000000000e+00 1.015845000000000020e+01 9.034999999999999976e-02
0.000000000000000000e+00 1.035904999999999987e+01 8.105000000000001092e-02
0.000000000000000000e+00 1.056780000000000008e+01 7.530000000000000582e-02
0.000000000000000000e+00 1.075760000000000005e+01 6.734999999999999321e-02
0.000000000000000000e+00 1.096154999999999902e+01 6.579999999999999738e-02
0.000000000000000000e+00 1.115939999999999976e+01 5.865000000000000074e-02
0.000000000000000000e+00 1.136469999999999914e+01 5.444999999999999840e-02
0.000000000000000000e+00 1.156010000000000026e+01 5.040000000000000036e-02
0.000000000000000000e+00 1.175769999999999982e+01 4.934999999999999803e-02
0.000000000000000000e+00 1.196924999999999883e+01 4.754999999999999505e-02
0.000000000000000000e+00 1.215770000000000017e+01 4.510000000000000120e-02
0.000000000000000000e+00 1.236064999999999969e+01 4.420000000000000318e-02
0.000000000000000000e+00 1.256360000000000099e+01 4.109999999999999765e-02
0.000000000000000000e+00 1.276144999999999996e+01 4.155000000000000360e-02
0.000000000000000000e+00 1.296250000000000036e+01 4.015000000000000513e-02
0.000000000000000000e+00 1.315559999999999974e+01 4.209999999999999853e-02
0.000000000000000000e+00 1.336785000000000068e+01 3.934999999999999609e-02
0.000000000000000000e+00 1.355564999999999998e+01 4.105000000000000315e-02
0.000000000000000000e+00 1.376040000000000063e+01 3.890000000000000402e-02
0.000000000000000000e+00 1.396565000000000012e+01 3.850000000000000644e-02
0.000000000000000000e+00 1.416025000000000134e+01 4.044999999999999984e-02
0.000000000000000000e+00 1.436400000000000077e+01 3.880000000000000115e-02
0.000000000000000000e+00 1.455869999999999997e+01 3.975000000000000061e-02
0.000000000000000000e+00 1.476610000000000156e+01 3.805000000000000049e-02
