0.000000000000000000e+00 -1.499934999999999974e+01 3.850000000000000644e-02
0.000000000000000000e+00 -1.483699999999999974e+01 3.780000000000000027e-02
0.000000000000000000e+00 -1.463954999999999984e+01 3.619999999999999607e-02
0.000000000000000000e+00 -1.443725000000000058e+01 3.650000000000000466e-02
0.000000000000000000e+00 -1.424174999999999969e+01 3.830000000000000071e-02
0.000000000000000000e+00 -1.403289999999999971e+01 3.765000000000000291e-02
0.000000000000000000e+00 -1.384169999999999945e+01 3.769999999999999740e-02
0.000000000000000000e+00 -1.364010000000000034e+01 3.734999999999999432e-02
0.000000000000000000e+00 -1.343345000000000056e+01 3.765000000000000291e-02
0.000000000000000000e+00 -1.324044999999999916e+01 3.724999999999999839e-02
0.000000000000000000e+00 -1.303754999999999953e+01 3.799999999999999906e-02
0.000000000000000000e+00 -1.284420000000000073e+01 3.844999999999999807e-02
0.000000000000000000e+00 -1.263429999999999964e+01 3.780000000000000027e-02
0.000000000000000000e+00 -1.244125000000000014e+01 3.839999999999999664e-02
0.000000000000000000e+00 -1.224125000000000085e+01 3.930000000000000160e-02
0.000000000000000000e+00 -1.203099999999999881e+01 3.734999999999999432e-02
0.000000000000000000e+00 -1.184205000000000041e+01 3.959999999999999631e-02
0.000000000000000000e+00 -1.163574999999999982e+01 3.780000000000000027e-02
0.000000000000000000e+00 -1.144109999999999872e+01 3.994999999999999940e-02
0.000000000000000000e+00 -1.123600000000000065e+01 4.080000000000000293e-02
0.000000000000000000e+00 -1.104165000000000063e+01 4.245000000000000162e-02
0.000000000000000000e+00 -1.084270000000000067e+01 4.120000000000000051e-02
0.000000000000000000e+00 -1.063309999999999889e+01 4.399999999999999745e-02
0.000000000000000000e+00 -1.044235000000000113e+01 4.950000000000000233e-02
0.000000000000000000e+00 -1.023869999999999969e+01 5.029999999999999749e-02
0.000000000000000000e+00 -1.003664999999999985e+01 5.165000000000000147e-02
0.000000000000000000e+00 -9.839349999999999596e+00 5.284999999999999420e-02
0.000000000000000000e+00 -9.637100000000000222e+00 5.344999999999999751e-02
0.000000000000000000e+00 -9.441800000000000637e+00 5.759999999999999842e-02
0.000000000000000000e+00 -9.231500000000000483e+00 6.360000000000000375e-02
0.000000000000000000e+00 -9.041250000000001563e+00 6.170000000000000484e-02
0.000000000000000000e+00 -8.841850000000000875e+00 6.700000000000000400e-02
0.000000000000000000e+00 -8.633399999999999963e+00 7.369999999999998774e-02
0.000000000000000000e+00 -8.442500000000000782e+00 8.494999999999999774e-02
0.000000000000000000e+00 -8.236150000000000304e+00 9.529999999999999583e-02
0.000000000000000000e+00 -8.042300000000000892e+00 1.043000000000000038e-01
0.000000000000000000e+00 -7.832749999999999879e+00 1.166999999999999982e-01
0.000000000000000000e+00 -7.639949999999999797e+00 1.260000000000000009e-01
0.000000000000000000e+00 -7.442499999999999893e+00 1.379500000000000171e-01
0.000000000000000000e+00 -7.230000000000000426e+00 1.507499999999999951e-01
0.000000000000000000e+00 -7.043549999999999756e+00 1.663499999999999979e-01
0.000000000000000000e+00 -6.838100000000000733e+00 1.823000000000000176e-01
0.000000000000000000e+00 -6.640150000000000219e+00 2.071000000000000063e-01
0.000000000000000000e+00 -6.436199999999999477e+00 2.264999999999999791e-01
0.000000000000000000e+00 -6.239200000000000301e+00 2.547499999999999765e-01
0.000000000000000000e+00 -6.042300000000000004e+00 3.028000000000000136e-01
0.000000000000000000e+00 -5.831699999999999662e+00 3.284500000000000197e-01
0.000000000000000000e+00 -5.643200000000000216e+00 3.600499999999999812e-01
0.000000000000000000e+00 -5.438600000000000101e+00 4.072999999999999954e-01
0.000000000000000000e+00 -5.237049999999999983e+00 4.376999999999999780e-01
0.000000000000000000e+00 -5.038449999999999207e+00 4.776500000000000190e-01
0.000000000000000000e+00 -4.839000000000000412e+00 5.077499999999999236e-01
0.000000000000000000e+00 -4.643049999999999677e+00 5.432000000000000162e-01
0.000000000000000000e+00 -4.434300000000000352e+00 5.645000000000000018e-01
0.000000000000000000e+00 -4.241999999999999993e+00 6.038499999999999979e-01
0.000000000000000000e+00 -4.042550000000000310e+00 6.441000000000000059e-01
0.000000000000000000e+00 -3.830950000000000077e+00 6.782500000000000195e-01
0.000000000000000000e+00 -3.641750000000000043e+00 7.385500000000000398e-01
0.000000000000000000e+00 -3.436749999999999972e+00 8.061000000000000387e-01
0.000000000000000000e+00 -3.240199999999999747e+00 8.765000000000000568e-01
0.000000000000000000e+00 -3.035999999999999588e+00 9.529000000000000803e-01
0.000000000000000000e+00 -2.839500000000000135e+00 1.016550000000000065e+00
0.000000000000000000e+00 -2.642450000000000188e+00 1.111050000000000093e+00
0.000000000000000000e+00 -2.430550000000000210e+00 1.227450000000000152e+00
0.000000000000000000e+00 -2.243599999999999817e+00 1.313299999999999912e+00
0.000000000000000000e+00 -2.037399999999999878e+00 1.412800000000000056e+00
0.000000000000000000e+00 -1.840949999999999864e+00 1.510550000000000059e+00
0.000000000000000000e+00 -1.638199999999999878e+00 1.608849999999999891e+00
0.000000000000000000e+00 -1.438299999999999912e+00 1.688350000000000017e+00
0.000000000000000000e+00 -1.243250000000000188e+00 1.734949999999999992e+00
0.000000000000000000e+00 -1.029549999999999965e+00 1.800349999999999895e+00
0.000000000000000000e+00 -8.426000000000000156e-01 1.907099999999999795e+00
0.000000000000000000e+00 -6.377500000000000391e-01 1.980600000000000138e+00
0.000000000000000000e+00 -4.381499999999999839e-01 2.046800000000000175e+00
0.000000000000000000e+00 -2.398500000000000076e-01 2.065949999999999953e+00
0.000000000000000000e+00 -3.905000000000000138e-02 2.133599999999999941e+00
0.000000000000000000e+00 1.581500000000000128e-01 2.232850000000000001e+00
0.000000000000000000e+00 3.679000000000000048e-01 2.252200000000000202e+00
0.000000000000000000e+00 5.588999999999999524e-01 2.257950000000000124e+00
0.000000000000000000e+00 7.598000000000000309e-01 2.348499999999999588e+00
0.000000000000000000e+00 9.677999999999999936e-01 2.364650000000000141e+00
0.000000000000000000e+00 1.158800000000000052e+00 2.309800000000000075e+00
0.000000000000000000e+00 1.363049999999999873e+00 2.325750000000000206e+00
0.000000000000000000e+00 1.559549999999999992e+00 2.245950000000000113e+00
0.000000000000000000e+00 1.764499999999999957e+00 2.257050000000000001e+00
0.000000000000000000e+00 1.960949999999999971e+00 2.161649999999999849e+00
0.000000000000000000e+00 2.157150000000000123e+00 2.085849999999999760e+00
0.000000000000000000e+00 2.369699999999999918e+00 2.017850000000000144e+00
0.000000000000000000e+00 2.556849999999999845e+00 1.905699999999999950e+00
0.000000000000000000e+00 2.761649999999999938e+00 1.826849999999999863e+00
0.000000000000000000e+00 2.961549999999999905e+00 1.723749999999999893e+00
0.000000000000000000e+00 3.163250000000000117e+00 1.625900000000000123e+00
0.000000000000000000e+00 3.362249999999999961e+00 1.500399999999999956e+00
0.000000000000000000e+00 3.556599999999999984e+00 1.455150000000000166e+00
0.000000000000000000e+00 3.768749999999999822e+00 1.294200000000000017e+00
0.000000000000000000e+00 3.956699999999999662e+00 1.190500000000000114e+00
0.000000000000000000e+00 4.160549999999999748e+00 1.127299999999999969e+00
0.000000000000000000e+00 4.364700000000000024e+00 1.029649999999999954e+00
0.000000000000000000e+00 4.559899999999999842e+00 9.174500000000000988e-01
0.000000000000000000e+00 4.762150000000000105e+00 8.426000000000000156e-01
0.000000000000000000e+00 4.958450000000000024e+00 7.762999999999999901e-01
0.000000000000000000e+00 5.166500000000000092e+00 6.758999999999999453e-01
0.000000000000000000e+00 5.359049999999999869e+00 6.187000000000000277e-01
0.000000000000000000e+00 5.559450000000000003e+00 5.377499999999999503e-01
0.000000000000000000e+00 5.767199999999999882e+00 4.618999999999999773e-01
0.000000000000000000e+00 5.958999999999999631e+00 4.243500000000000050e-01
0.000000000000000000e+00 6.162200000000000344e+00 3.752499999999999725e-01
0.000000000000000000e+00 6.359550000000000480e+00 3.279499999999999638e-01
0.000000000000000000e+00 6.562100000000000044e+00 3.014499999999999957e-01
0.000000000000000000e+00 6.760900000000000354e+00 2.752499999999999947e-01
0.000000000000000000e+00 6.955700000000000216e+00 2.477999999999999925e-01
0.000000000000000000e+00 7.170600000000000307e+00 2.321499999999999952e-01
0.000000000000000000e+00 7.358150000000000190e+00 2.155000000000000249e-01
0.000000000000000000e+00 7.561949999999999505e+00 2.021499999999999964e-01
0.000000000000000000e+00 7.763650000000000162e+00 1.806500000000000050e-01
0.000000000000000000e+00 7.960599999999999454e+00 1.611500000000000155e-01
0.000000000000000000e+00 8.162749999999999062e+00 1.456000000000000072e-01
0.000000000000000000e+00 8.356950000000001211e+00 1.303499999999999936e-01
0.000000000000000000e+00 8.569549999999999557e+00 1.155999999999999944e-01
0.000000000000000000e+00 8.756850000000000023e+00 1.017000000000000126e-01
0.000000000000000000e+00 8.960699999999999221e+00 8.724999999999999423e-02
0.000000000000000000e+00 9.164300000000000779e+00 7.805000000000000826e-02
0.000000000000000000e+00 9.358499999999999375e+00 7.320000000000000118e-02
0.000000000000000000e+00 9.563399999999999679e+00 6.224999999999999978e-02
0.000000000000000000e+00 9.756700000000000372e+00 6.139999999999999625e-02
0.000000000000000000e+00 9.967050000000000409e+00 5.369999999999999774e-02
0.000000000000000000e+00 1.015820000000000078e+01 4.910000000000000475e-02
0.000000000000000000e+00 1.035924999999999940e+01 4.449999999999999789e-02
0.000000000000000000e+00 1.056760000000000055e+01 4.165000000000000646e-02
0.000000000000000000e+00 1.075755000000000017e+01 3.855000000000000093e-02
0.000000000000000000e+00 1.096124999999999972e+01 3.824999999999999928e-02
0.000000000000000000e+00 1.115915000000000035e+01 3.824999999999999928e-02
0.000000000000000000e+00 1.136505000000000010e+01 3.905000000000000138e-02
0.000000000000000000e+00 1.156050000000000111e+01 3.934999999999999609e-02
0.000000000000000000e+00 1.175799999999999912e+01 3.965000000000000469e-02
0.000000000000000000e+00 1.196894999999999953e+01 3.890000000000000402e-02
0.000000000000000000e+00 1.215775000000000006e+01 3.965000000000000469e-02
0.000000000000000000e+00 1.236079999999999934e+01 3.780000000000000027e-02
0.000000000000000000e+00 1.256370000000000076e+01 3.635000000000000037e-02
0.000000000000000000e+00 1.276169999999999938e+01 3.610000000000000014e-02
0.000000000000000000e+00 1.296340000000000003e+01 3.794999999999999762e-02
0.000000000000000000e+00 1.315615000000000023e+01 3.544999999999999540e-02
0.000000000000000000e+00 1.336820000000000164e+01 3.590000000000000135e-02
0.000000000000000000e+00 1.355659999999999954e+01 3.919999999999999873e-02
0.000000000000000000e+00 1.376065000000000005e+01 3.909999999999999587e-02
0.000000000000000000e+00 1.396624999999999872e+01 3.994999999999999940e-02
0.000000000000000000e+00 1.416009999999999991e+01 3.830000000000000071e-02
0.000000000000000000e+00 1.436469999999999914e+01 4.025000000000000105e-02
0.000000000000000000e+00 1.455814999999999948e+01 3.790000000000000313e-02
0.000000000000000000e+00 1.476675000000000004e+01 3.775000000000000577e-02
