0.000000000000000000e+00 -1.999899999999999878e+01 3.980000000000000204e-02
0.000000000000000000e+00 -1.983869999999999933e+01 3.960000000000000325e-02
0.000000000000000000e+00 -1.963800000000000168e+01 4.000000000000000083e-02
0.000000000000000000e+00 -1.944040000000000035e+01 3.790000000000000313e-02
0.000000000000000000e+00 -1.923819999999999908e+01 3.699999999999999817e-02
0.000000000000000000e+00 -1.904370000000000118e+01 4.159999999999999809e-02
0.000000000000000000e+00 -1.883030000000000115e+01 3.939999999999999752e-02
0.000000000000000000e+00 -1.864170000000000016e+01 4.019999999999999962e-02
0.000000000000000000e+00 -1.843990000000000151e+01 4.039999999999999841e-02
0.000000000000000000e+00 -1.823320000000000007e+01 4.100000000000000172e-02
0.000000000000000000e+00 -1.804189999999999827e+01 3.939999999999999752e-02
0.000000000000000000e+00 -1.783599999999999852e+01 3.989999999999999797e-02
0.000000000000000000e+00 -1.764369999999999905e+01 3.960000000000000325e-02
0.000000000000000000e+00 -1.743339999999999890e+01 3.899999999999999994e-02
0.000000000000000000e+00 -1.724299999999999855e+01 4.120000000000000051e-02
0.000000000000000000e+00 -1.704119999999999990e+01 3.969999999999999918e-02
0.000000000000000000e+00 -1.683279999999999887e+01 3.899999999999999994e-02
0.000000000000000000e+00 -1.664290000000000092e+01 4.009999999999999676e-02
0.000000000000000000e+00 -1.643710000000000093e+01 3.869999999999999829e-02
0.000000000000000000e+00 -1.624109999999999943e+01 3.819999999999999785e-02
0.000000000000000000e+00 -1.603539999999999921e+01 3.769999999999999740e-02
0.000000000000000000e+00 -1.584019999999999939e+01 4.120000000000000051e-02
0.000000000000000000e+00 -1.564199999999999946e+01 3.849999999999999950e-02
0.000000000000000000e+00 -1.543159999999999954e+01 3.599999999999999728e-02
0.000000000000000000e+00 -1.524339999999999939e+01 3.729999999999999982e-02
0.000000000000000000e+00 -1.504069999999999929e+01 3.889999999999999708e-02
0.000000000000000000e+00 -1.483740000000000059e+01 3.889999999999999708e-02
0.000000000000000000e+00 -1.463930000000000042e+01 3.869999999999999829e-02
0.000000000000000000e+00 -1.443779999999999930e+01 3.910000000000000281e-02
0.000000000000000000e+00 -1.424210000000000065e+01 3.760000000000000148e-02
0.000000000000000000e+00 -1.403240000000000087e+01 3.889999999999999708e-02
0.000000000000000000e+00 -1.384149999999999991e+01 3.880000000000000115e-02
0.000000000000000000e+00 -1.364039999999999964e+01 3.960000000000000325e-02
0.000000000000000000e+00 -1.343340000000000067e+01 3.860000000000000236e-02
0.000000000000000000e+00 -1.324050000000000082e+01 3.899999999999999994e-02
0.000000000000000000e+00 -1.303749999999999964e+01 3.749999999999999861e-02
0.000000000000000000e+00 -1.284399999999999942e+01 3.910000000000000281e-02
0.000000000000000000e+00 -1.263460000000000072e+01 4.120000000000000051e-02
0.000000000000000000e+00 -1.244180000000000064e+01 3.849999999999999950e-02
0.000000000000000000e+00 -1.224070000000000036e+01 3.760000000000000148e-02
0.000000000000000000e+00 -1.203059999999999974e+01 3.860000000000000236e-02
0.000000000000000000e+00 -1.184239999999999959e+01 3.790000000000000313e-02
0.000000000000000000e+00 -1.163589999999999947e+01 4.080000000000000293e-02
0.000000000000000000e+00 -1.144079999999999941e+01 3.969999999999999918e-02
0.000000000000000000e+00 -1.123629999999999995e+01 4.089999999999999886e-02
0.000000000000000000e+00 -1.104069999999999929e+01 3.930000000000000160e-02
0.000000000000000000e+00 -1.084329999999999927e+01 3.819999999999999785e-02
0.000000000000000000e+00 -1.063310000000000066e+01 3.810000000000000192e-02
0.000000000000000000e+00 -1.044209999999999994e+01 3.760000000000000148e-02
0.000000000000000000e+00 -1.023820000000000086e+01 3.910000000000000281e-02
0.000000000000000000e+00 -1.003679999999999950e+01 3.810000000000000192e-02
0.000000000000000000e+00 -9.838900000000000645e+00 3.769999999999999740e-02
0.000000000000000000e+00 -9.637999999999999901e+00 3.869999999999999829e-02
0.000000000000000000e+00 -9.441900000000000404e+00 4.089999999999999886e-02
0.000000000000000000e+00 -9.231199999999999406e+00 3.889999999999999708e-02
0.000000000000000000e+00 -9.041499999999999204e+00 3.960000000000000325e-02
0.000000000000000000e+00 -8.841599999999999682e+00 4.030000000000000249e-02
0.000000000000000000e+00 -8.633499999999999730e+00 4.059999999999999720e-02
0.000000000000000000e+00 -8.442899999999999849e+00 4.009999999999999676e-02
0.000000000000000000e+00 -8.235699999999999577e+00 4.490000000000000241e-02
0.000000000000000000e+00 -8.041999999999999815e+00 5.229999999999999927e-02
0.000000000000000000e+00 -7.833700000000000330e+00 5.890000000000000097e-02
0.000000000000000000e+00 -7.639999999999999680e+00 6.930000000000000049e-02
0.000000000000000000e+00 -7.442499999999999893e+00 7.810000000000000275e-02
0.000000000000000000e+00 -7.229800000000000004e+00 1.047000000000000014e-01
0.000000000000000000e+00 -7.043499999999999872e+00 1.049999999999999961e-01
0.000000000000000000e+00 -6.837600000000000122e+00 1.333000000000000018e-01
0.000000000000000000e+00 -6.641000000000000014e+00 1.552999999999999936e-01
0.000000000000000000e+00 -6.436099999999999710e+00 1.827000000000000013e-01
0.000000000000000000e+00 -6.238699999999999690e+00 2.116999999999999993e-01
0.000000000000000000e+00 -6.042200000000000237e+00 2.267000000000000126e-01
0.000000000000000000e+00 -5.831699999999999662e+00 2.544000000000000150e-01
0.000000000000000000e+00 -5.642900000000000027e+00 2.696000000000000063e-01
0.000000000000000000e+00 -5.439000000000000057e+00 2.882000000000000117e-01
0.000000000000000000e+00 -5.236200000000000188e+00 3.089000000000000079e-01
0.000000000000000000e+00 -5.038299999999999557e+00 3.287999999999999812e-01
0.000000000000000000e+00 -4.839100000000000179e+00 3.635999999999999788e-01
0.000000000000000000e+00 -4.642999999999999794e+00 3.784000000000000141e-01
0.000000000000000000e+00 -4.434199999999999697e+00 3.921999999999999931e-01
0.000000000000000000e+00 -4.241900000000000226e+00 4.102999999999999980e-01
0.000000000000000000e+00 -4.041299999999999670e+00 5.122999999999999776e-01
0.000000000000000000e+00 -3.831700000000000106e+00 5.269000000000000350e-01
0.000000000000000000e+00 -3.641700000000000159e+00 5.896000000000000130e-01
0.000000000000000000e+00 -3.436799999999999855e+00 6.816999999999999726e-01
0.000000000000000000e+00 -3.240400000000000169e+00 8.794999999999999485e-01
0.000000000000000000e+00 -3.035200000000000120e+00 8.507000000000000117e-01
0.000000000000000000e+00 -2.838200000000000056e+00 9.918000000000000149e-01
0.000000000000000000e+00 -2.643200000000000216e+00 1.165699999999999958e+00
0.000000000000000000e+00 -2.430299999999999905e+00 1.268000000000000016e+00
0.000000000000000000e+00 -2.243100000000000094e+00 1.454800000000000093e+00
0.000000000000000000e+00 -2.037999999999999812e+00 1.563199999999999923e+00
0.000000000000000000e+00 -1.840899999999999981e+00 1.760299999999999976e+00
0.000000000000000000e+00 -1.637899999999999912e+00 1.803199999999999914e+00
0.000000000000000000e+00 -1.438800000000000079e+00 1.904400000000000093e+00
0.000000000000000000e+00 -1.242699999999999916e+00 2.071899999999999853e+00
0.000000000000000000e+00 -1.028699999999999948e+00 2.124400000000000066e+00
0.000000000000000000e+00 -8.423000000000000487e-01 2.187500000000000000e+00
0.000000000000000000e+00 -6.378000000000000336e-01 2.232499999999999929e+00
0.000000000000000000e+00 -4.388000000000000234e-01 2.276600000000000179e+00
0.000000000000000000e+00 -2.403000000000000136e-01 2.315700000000000092e+00
0.000000000000000000e+00 -3.869999999999999829e-02 2.310000000000000053e+00
0.000000000000000000e+00 1.580999999999999905e-01 2.370600000000000041e+00
0.000000000000000000e+00 3.669999999999999929e-01 2.317400000000000126e+00
0.000000000000000000e+00 5.593000000000000194e-01 2.343999999999999861e+00
0.000000000000000000e+00 7.603999999999999648e-01 2.311599999999999877e+00
0.000000000000000000e+00 9.669999999999999707e-01 2.302599999999999980e+00
0.000000000000000000e+00 1.158900000000000041e+00 2.310599999999999987e+00
0.000000000000000000e+00 1.363299999999999956e+00 2.299700000000000077e+00
0.000000000000000000e+00 1.559199999999999919e+00 2.274399999999999977e+00
0.000000000000000000e+00 1.765200000000000102e+00 2.260299999999999976e+00
0.000000000000000000e+00 1.960700000000000109e+00 2.214500000000000135e+00
0.000000000000000000e+00 2.157099999999999795e+00 2.134199999999999875e+00
0.000000000000000000e+00 2.369800000000000129e+00 2.094199999999999839e+00
0.000000000000000000e+00 2.556599999999999984e+00 2.032500000000000195e+00
0.000000000000000000e+00 2.762199999999999989e+00 1.925000000000000044e+00
0.000000000000000000e+00 2.962899999999999867e+00 1.830200000000000049e+00
0.000000000000000000e+00 3.163300000000000001e+00 1.668900000000000050e+00
0.000000000000000000e+00 3.362699999999999800e+00 1.611499999999999932e+00
0.000000000000000000e+00 3.556500000000000217e+00 1.460199999999999942e+00
0.000000000000000000e+00 3.767999999999999794e+00 1.322300000000000031e+00
0.000000000000000000e+00 3.956700000000000106e+00 1.186099999999999932e+00
0.000000000000000000e+00 4.161100000000000243e+00 1.095299999999999940e+00
0.000000000000000000e+00 4.364099999999999646e+00 1.004899999999999904e+00
0.000000000000000000e+00 4.559999999999999609e+00 8.993999999999999773e-01
0.000000000000000000e+00 4.762999999999999901e+00 8.386000000000000121e-01
0.000000000000000000e+00 4.957900000000000418e+00 7.905999999999999694e-01
0.000000000000000000e+00 5.166800000000000281e+00 7.173000000000000487e-01
0.000000000000000000e+00 5.359399999999999942e+00 6.069999999999999840e-01
0.000000000000000000e+00 5.559199999999999697e+00 5.400000000000000355e-01
0.000000000000000000e+00 5.767000000000000348e+00 4.662999999999999923e-01
0.000000000000000000e+00 5.959800000000000431e+00 3.924000000000000266e-01
0.000000000000000000e+00 6.161299999999999777e+00 3.669000000000000039e-01
0.000000000000000000e+00 6.359700000000000131e+00 3.166999999999999815e-01
0.000000000000000000e+00 6.562500000000000000e+00 2.802000000000000046e-01
0.000000000000000000e+00 6.760799999999999699e+00 2.580000000000000071e-01
0.000000000000000000e+00 6.956199999999999939e+00 2.011999999999999900e-01
0.000000000000000000e+00 7.170799999999999841e+00 1.850999999999999868e-01
0.000000000000000000e+00 7.357000000000000206e+00 1.701000000000000012e-01
0.000000000000000000e+00 7.562299999999999578e+00 1.441000000000000059e-01
0.000000000000000000e+00 7.762599999999999945e+00 1.270000000000000018e-01
0.000000000000000000e+00 7.960499999999999687e+00 1.083999999999999964e-01
0.000000000000000000e+00 8.163500000000000867e+00 8.419999999999999707e-02
0.000000000000000000e+00 8.356400000000000716e+00 7.679999999999999327e-02
0.000000000000000000e+00 8.569399999999999906e+00 6.250000000000000000e-02
0.000000000000000000e+00 8.757400000000000517e+00 6.230000000000000121e-02
0.000000000000000000e+00 8.960900000000000531e+00 5.269999999999999685e-02
0.000000000000000000e+00 9.164799999999999613e+00 5.029999999999999749e-02
0.000000000000000000e+00 9.358800000000000452e+00 4.719999999999999890e-02
0.000000000000000000e+00 9.563000000000000611e+00 4.510000000000000120e-02
0.000000000000000000e+00 9.757699999999999818e+00 4.170000000000000095e-02
0.000000000000000000e+00 9.967100000000000293e+00 3.960000000000000325e-02
0.000000000000000000e+00 1.015750000000000064e+01 3.740000000000000269e-02
0.000000000000000000e+00 1.035979999999999990e+01 3.880000000000000115e-02
0.000000000000000000e+00 1.056830000000000069e+01 4.070000000000000007e-02
0.000000000000000000e+00 1.075769999999999982e+01 3.889999999999999708e-02
0.000000000000000000e+00 1.096160000000000068e+01 3.860000000000000236e-02
0.000000000000000000e+00 1.116019999999999968e+01 3.950000000000000039e-02
0.000000000000000000e+00 1.136449999999999960e+01 3.889999999999999708e-02
0.000000000000000000e+00 1.155969999999999942e+01 3.930000000000000160e-02
0.000000000000000000e+00 1.175849999999999973e+01 3.939999999999999752e-02
0.000000000000000000e+00 1.196860000000000035e+01 3.869999999999999829e-02
0.000000000000000000e+00 1.215830000000000055e+01 3.969999999999999918e-02
0.000000000000000000e+00 1.236139999999999972e+01 3.880000000000000115e-02
0.000000000000000000e+00 1.256290000000000084e+01 3.799999999999999906e-02
0.000000000000000000e+00 1.276140000000000008e+01 3.670000000000000345e-02
0.000000000000000000e+00 1.296240000000000059e+01 4.030000000000000249e-02
0.000000000000000000e+00 1.315610000000000035e+01 3.899999999999999994e-02
0.000000000000000000e+00 1.336849999999999916e+01 3.880000000000000115e-02
0.000000000000000000e+00 1.355669999999999931e+01 4.030000000000000249e-02
0.000000000000000000e+00 1.376030000000000086e+01 4.120000000000000051e-02
0.000000000000000000e+00 1.396579999999999977e+01 4.080000000000000293e-02
0.000000000000000000e+00 1.415970000000000084e+01 4.070000000000000007e-02
0.000000000000000000e+00 1.436439999999999984e+01 3.950000000000000039e-02
0.000000000000000000e+00 1.455840000000000067e+01 4.039999999999999841e-02
0.000000000000000000e+00 1.476650000000000063e+01 3.939999999999999752e-02
0.000000000000000000e+00 1.495950000000000024e+01 3.889999999999999708e-02
0.000000000000000000e+00 1.515850000000000009e+01 3.699999999999999817e-02
0.000000000000000000e+00 1.536800000000000033e+01 3.880000000000000115e-02
0.000000000000000000e+00 1.555869999999999997e+01 3.819999999999999785e-02
0.000000000000000000e+00 1.576210000000000022e+01 3.760000000000000148e-02
0.000000000000000000e+00 1.596100000000000030e+01 3.819999999999999785e-02
0.000000000000000000e+00 1.616229999999999833e+01 3.819999999999999785e-02
0.000000000000000000e+00 1.636230000000000118e+01 4.070000000000000007e-02
0.000000000000000000e+00 1.655870000000000175e+01 3.919999999999999873e-02
0.000000000000000000e+00 1.677090000000000103e+01 3.960000000000000325e-02
0.000000000000000000e+00 1.695929999999999893e+01 3.899999999999999994e-02
0.000000000000000000e+00 1.716059999999999874e+01 3.819999999999999785e-02
0.000000000000000000e+00 1.736280000000000001e+01 4.050000000000000128e-02
0.000000000000000000e+00 1.756019999999999825e+01 4.050000000000000128e-02
0.000000000000000000e+00 1.776300000000000168e+01 3.980000000000000204e-02
0.000000000000000000e+00 1.795639999999999858e+01 4.120000000000000051e-02
0.000000000000000000e+00 1.816920000000000002e+01 3.869999999999999829e-02
0.000000000000000000e+00 1.835820000000000007e+01 3.980000000000000204e-02
0.000000000000000000e+00 1.856009999999999849e+01 3.989999999999999797e-02
0.000000000000000000e+00 1.876859999999999928e+01 3.989999999999999797e-02
0.000000000000000000e+00 1.895769999999999911e+01 4.120000000000000051e-02
0.000000000000000000e+00 1.916450000000000031e+01 4.050000000000000128e-02
0.000000000000000000e+00 1.935829999999999984e+01 4.000000000000000083e-02
0.000000000000000000e+00 1.956599999999999895e+01 3.860000000000000236e-02
0.000000000000000000e+00 1.975850000000000151e+01 4.080000000000000293e-02
