0.000000000000000000e+00 -1.499939999999999962e+01 4.005000000000000226e-02
0.000000000000000000e+00 -1.483729999999999905e+01 3.894999999999999851e-02
0.000000000000000000e+00 -1.463939999999999841e+01 3.699999999999999817e-02
0.000000000000000000e+00 -1.443724999999999881e+01 3.919999999999999873e-02
0.000000000000000000e+00 -1.424160000000000004e+01 3.865000000000000380e-02
0.000000000000000000e+00 -1.403239999999999910e+01 3.794999999999999762e-02
0.000000000000000000e+00 -1.384140000000000015e+01 3.490000000000000047e-02
0.000000000000000000e+00 -1.364024999999999999e+01 3.930000000000000160e-02
0.000000000000000000e+00 -1.343294999999999995e+01 3.865000000000000380e-02
0.000000000000000000e+00 -1.324055000000000071e+01 3.790000000000000313e-02
0.000000000000000000e+00 -1.303744999999999976e+01 3.844999999999999807e-02
0.000000000000000000e+00 -1.284370000000000012e+01 3.765000000000000291e-02
0.000000000000000000e+00 -1.263390000000000057e+01 3.735000000000000125e-02
0.000000000000000000e+00 -1.244184999999999874e+01 4.109999999999999765e-02
0.000000000000000000e+00 -1.224070000000000036e+01 4.024999999999999412e-02
0.000000000000000000e+00 -1.203010000000000090e+01 3.694999999999999674e-02
0.000000000000000000e+00 -1.184205000000000041e+01 4.030000000000000249e-02
0.000000000000000000e+00 -1.163589999999999947e+01 3.839999999999999664e-02
0.000000000000000000e+00 -1.144004999999999939e+01 3.734999999999999432e-02
0.000000000000000000e+00 -1.123600000000000065e+01 4.125000000000000194e-02
0.000000000000000000e+00 -1.104155000000000086e+01 3.794999999999999762e-02
0.000000000000000000e+00 -1.084224999999999994e+01 4.099999999999999478e-02
0.000000000000000000e+00 -1.063254999999999839e+01 3.765000000000000291e-02
0.000000000000000000e+00 -1.044234999999999935e+01 3.824999999999999928e-02
0.000000000000000000e+00 -1.023764999999999858e+01 3.760000000000000148e-02
0.000000000000000000e+00 -1.003604999999999947e+01 3.840000000000000357e-02
0.000000000000000000e+00 -9.838850000000000762e+00 3.759999999999999454e-02
0.000000000000000000e+00 -9.636599999999999611e+00 3.915000000000000424e-02
0.000000000000000000e+00 -9.441250000000000142e+00 4.130000000000000338e-02
0.000000000000000000e+00 -9.231500000000000483e+00 3.834999999999999520e-02
0.000000000000000000e+00 -9.040600000000001302e+00 3.855000000000000093e-02
0.000000000000000000e+00 -8.841450000000000031e+00 3.955000000000000182e-02
0.000000000000000000e+00 -8.633499999999999730e+00 3.619999999999999607e-02
0.000000000000000000e+00 -8.442450000000000898e+00 3.644999999999999629e-02
0.000000000000000000e+00 -8.236250000000000071e+00 3.955000000000000182e-02
0.000000000000000000e+00 -8.042200000000001125e+00 3.819999999999999785e-02
0.000000000000000000e+00 -7.832699999999999996e+00 4.095000000000000029e-02
0.000000000000000000e+00 -7.639950000000000685e+00 4.074999999999999456e-02
0.000000000000000000e+00 -7.442599999999999660e+00 4.420000000000000318e-02
0.000000000000000000e+00 -7.229649999999999466e+00 4.870000000000000023e-02
0.000000000000000000e+00 -7.044000000000000483e+00 5.505000000000000171e-02
0.000000000000000000e+00 -6.837799999999999656e+00 6.254999999999999449e-02
0.000000000000000000e+00 -6.640100000000000335e+00 6.890000000000000291e-02
0.000000000000000000e+00 -6.436049999999999827e+00 8.644999999999999907e-02
0.000000000000000000e+00 -6.238900000000000112e+00 1.052500000000000102e-01
0.000000000000000000e+00 -6.042300000000000004e+00 1.301999999999999824e-01
0.000000000000000000e+00 -5.831699999999999662e+00 1.487999999999999878e-01
0.000000000000000000e+00 -5.642450000000000188e+00 1.622500000000000053e-01
0.000000000000000000e+00 -5.438500000000000334e+00 1.826499999999999790e-01
0.000000000000000000e+00 -5.236449999999999605e+00 1.979500000000000148e-01
0.000000000000000000e+00 -5.037250000000000227e+00 2.481499999999999817e-01
0.000000000000000000e+00 -4.838750000000000107e+00 2.881000000000000227e-01
0.000000000000000000e+00 -4.642699999999999605e+00 3.241499999999999937e-01
0.000000000000000000e+00 -4.433550000000000324e+00 3.947999999999999843e-01
0.000000000000000000e+00 -4.241550000000000153e+00 4.936499999999999777e-01
0.000000000000000000e+00 -4.042450000000000543e+00 5.581000000000000405e-01
0.000000000000000000e+00 -3.830400000000000027e+00 6.948999999999999622e-01
0.000000000000000000e+00 -3.641550000000000065e+00 7.872000000000000108e-01
0.000000000000000000e+00 -3.436700000000000088e+00 8.938500000000000334e-01
0.000000000000000000e+00 -3.240099999999999980e+00 9.899999999999999911e-01
0.000000000000000000e+00 -3.035699999999999843e+00 1.116900000000000004e+00
0.000000000000000000e+00 -2.838849999999999874e+00 1.187349999999999905e+00
0.000000000000000000e+00 -2.642500000000000071e+00 1.347150000000000070e+00
0.000000000000000000e+00 -2.430550000000000210e+00 1.466550000000000020e+00
0.000000000000000000e+00 -2.243399999999999839e+00 1.563299999999999912e+00
0.000000000000000000e+00 -2.036900000000000155e+00 1.705500000000000016e+00
0.000000000000000000e+00 -1.840850000000000097e+00 1.833499999999999908e+00
0.000000000000000000e+00 -1.638050000000000006e+00 1.959349999999999925e+00
0.000000000000000000e+00 -1.438499999999999890e+00 2.057549999999999990e+00
0.000000000000000000e+00 -1.242750000000000021e+00 2.142399999999999860e+00
0.000000000000000000e+00 -1.028299999999999992e+00 2.253750000000000142e+00
0.000000000000000000e+00 -8.420499999999999652e-01 2.348449999999999704e+00
0.000000000000000000e+00 -6.378000000000000336e-01 2.392749999999999932e+00
0.000000000000000000e+00 -4.372000000000000330e-01 2.505700000000000038e+00
0.000000000000000000e+00 -2.396500000000000019e-01 2.539399999999999658e+00
0.000000000000000000e+00 -3.880000000000000115e-02 2.517999999999999794e+00
0.000000000000000000e+00 1.587000000000000077e-01 2.476099999999999746e+00
0.000000000000000000e+00 3.669999999999999929e-01 2.549450000000000216e+00
0.000000000000000000e+00 5.594999999999999973e-01 2.509949999999999903e+00
0.000000000000000000e+00 7.607000000000000428e-01 2.467900000000000205e+00
0.000000000000000000e+00 9.677000000000000046e-01 2.414200000000000124e+00
0.000000000000000000e+00 1.158500000000000085e+00 2.431049999999999933e+00
0.000000000000000000e+00 1.363199999999999967e+00 2.331050000000000288e+00
0.000000000000000000e+00 1.559099999999999930e+00 2.299350000000000005e+00
0.000000000000000000e+00 1.764899999999999913e+00 2.216599999999999682e+00
0.000000000000000000e+00 1.961999999999999966e+00 2.171349999999999891e+00
0.000000000000000000e+00 2.157049999999999912e+00 2.084500000000000242e+00
0.000000000000000000e+00 2.369699999999999918e+00 1.932799999999999851e+00
0.000000000000000000e+00 2.557150000000000034e+00 1.817649999999999988e+00
0.000000000000000000e+00 2.762000000000000011e+00 1.714999999999999858e+00
0.000000000000000000e+00 2.961899999999999977e+00 1.567299999999999915e+00
0.000000000000000000e+00 3.163850000000000051e+00 1.455049999999999955e+00
0.000000000000000000e+00 3.362649999999999917e+00 1.333450000000000024e+00
0.000000000000000000e+00 3.556550000000000100e+00 1.198799999999999866e+00
0.000000000000000000e+00 3.768850000000000033e+00 1.087749999999999995e+00
0.000000000000000000e+00 3.956450000000000244e+00 9.989999999999999991e-01
0.000000000000000000e+00 4.161100000000000243e+00 9.062999999999999945e-01
0.000000000000000000e+00 4.365249999999999631e+00 8.269999999999999574e-01
0.000000000000000000e+00 4.560100000000000264e+00 7.671499999999999986e-01
0.000000000000000000e+00 4.762599999999999945e+00 7.036999999999999922e-01
0.000000000000000000e+00 4.958700000000000330e+00 6.418500000000000316e-01
0.000000000000000000e+00 5.166500000000000092e+00 6.035000000000000364e-01
0.000000000000000000e+00 5.359249999999999403e+00 5.642000000000000348e-01
0.000000000000000000e+00 5.559849999999999959e+00 5.061999999999999833e-01
0.000000000000000000e+00 5.767199999999999882e+00 4.512500000000000400e-01
0.000000000000000000e+00 5.959699999999999775e+00 4.075499999999999678e-01
0.000000000000000000e+00 6.161799999999999500e+00 3.616000000000000325e-01
0.000000000000000000e+00 6.359799999999999898e+00 3.079999999999999960e-01
0.000000000000000000e+00 6.562850000000000072e+00 2.631000000000000005e-01
0.000000000000000000e+00 6.761250000000000426e+00 2.405499999999999861e-01
0.000000000000000000e+00 6.956350000000000477e+00 2.021499999999999964e-01
0.000000000000000000e+00 7.171149999999999913e+00 1.655500000000000027e-01
0.000000000000000000e+00 7.358200000000000074e+00 1.469499999999999973e-01
0.000000000000000000e+00 7.562299999999999578e+00 1.328000000000000014e-01
0.000000000000000000e+00 7.763400000000000745e+00 1.207000000000000017e-01
0.000000000000000000e+00 7.960849999999999760e+00 1.075500000000000067e-01
0.000000000000000000e+00 8.162449999999999761e+00 9.370000000000000551e-02
0.000000000000000000e+00 8.356849999999999667e+00 8.219999999999999529e-02
0.000000000000000000e+00 8.569050000000000722e+00 7.059999999999999609e-02
0.000000000000000000e+00 8.757799999999999585e+00 6.404999999999999583e-02
0.000000000000000000e+00 8.960950000000000415e+00 5.830000000000000460e-02
0.000000000000000000e+00 9.164699999999999847e+00 5.485000000000000292e-02
0.000000000000000000e+00 9.358950000000000102e+00 5.050000000000000322e-02
0.000000000000000000e+00 9.563549999999999329e+00 4.710000000000000298e-02
0.000000000000000000e+00 9.757100000000001216e+00 4.374999999999999722e-02
0.000000000000000000e+00 9.967600000000000904e+00 4.130000000000000338e-02
0.000000000000000000e+00 1.015850000000000009e+01 4.114999999999999908e-02
0.000000000000000000e+00 1.035945000000000071e+01 3.849999999999999950e-02
0.000000000000000000e+00 1.056784999999999997e+01 3.769999999999999740e-02
0.000000000000000000e+00 1.075820000000000043e+01 3.944999999999999896e-02
0.000000000000000000e+00 1.096100000000000030e+01 3.774999999999999883e-02
0.000000000000000000e+00 1.115985000000000049e+01 3.769999999999999740e-02
0.000000000000000000e+00 1.136519999999999975e+01 3.749999999999999861e-02
0.000000000000000000e+00 1.156060000000000088e+01 4.139999999999999930e-02
0.000000000000000000e+00 1.175835000000000008e+01 3.819999999999999785e-02
0.000000000000000000e+00 1.196945000000000014e+01 3.709999999999999409e-02
0.000000000000000000e+00 1.215775000000000006e+01 3.704999999999999960e-02
0.000000000000000000e+00 1.236125000000000007e+01 3.805000000000000049e-02
0.000000000000000000e+00 1.256439999999999912e+01 3.785000000000000170e-02
0.000000000000000000e+00 1.276135000000000019e+01 3.805000000000000049e-02
0.000000000000000000e+00 1.296379999999999910e+01 3.989999999999999797e-02
0.000000000000000000e+00 1.315615000000000023e+01 3.959999999999999631e-02
0.000000000000000000e+00 1.336789999999999878e+01 3.819999999999999785e-02
0.000000000000000000e+00 1.355644999999999989e+01 3.930000000000000160e-02
0.000000000000000000e+00 1.376034999999999897e+01 4.075000000000000150e-02
0.000000000000000000e+00 1.396654999999999980e+01 4.109999999999999765e-02
0.000000000000000000e+00 1.416009999999999991e+01 3.865000000000000380e-02
0.000000000000000000e+00 1.436434999999999995e+01 4.015000000000000513e-02
0.000000000000000000e+00 1.455849999999999866e+01 3.794999999999999762e-02
0.000000000000000000e+00 1.476735000000000042e+01 3.775000000000000577e-02
