0.000000000000000000e+00 -1.499924999999999997e+01 3.980000000000000204e-02
0.000000000000000000e+00 -1.483769999999999989e+01 3.919999999999999873e-02
0.000000000000000000e+00 -1.464029999999999987e+01 3.849999999999999950e-02
0.000000000000000000e+00 -1.443759999999999977e+01 4.000000000000000083e-02
0.000000000000000000e+00 -1.424215000000000053e+01 3.755000000000000004e-02
0.000000000000000000e+00 -1.403324999999999889e+01 3.780000000000000027e-02
0.000000000000000000e+00 -1.384149999999999991e+01 3.735000000000000125e-02
0.000000000000000000e+00 -1.364069999999999894e+01 3.749999999999999861e-02
0.000000000000000000e+00 -1.343345000000000056e+01 3.784999999999999476e-02
0.000000000000000000e+00 -1.324060000000000059e+01 3.925000000000000017e-02
0.000000000000000000e+00 -1.303784999999999883e+01 4.089999999999999886e-02
0.000000000000000000e+00 -1.284359999999999857e+01 3.865000000000000380e-02
0.000000000000000000e+00 -1.263400000000000034e+01 4.075000000000000150e-02
0.000000000000000000e+00 -1.244214999999999982e+01 3.919999999999999873e-02
0.000000000000000000e+00 -1.224089999999999989e+01 4.000000000000000083e-02
0.000000000000000000e+00 -1.203125000000000000e+01 4.109999999999999765e-02
0.000000000000000000e+00 -1.184244999999999948e+01 3.935000000000000303e-02
0.000000000000000000e+00 -1.163585000000000136e+01 4.050000000000000128e-02
0.000000000000000000e+00 -1.144185000000000052e+01 3.959999999999999631e-02
0.000000000000000000e+00 -1.123645000000000138e+01 4.120000000000000051e-02
0.000000000000000000e+00 -1.104095000000000049e+01 3.964999999999999775e-02
0.000000000000000000e+00 -1.084285000000000032e+01 4.070000000000000007e-02
0.000000000000000000e+00 -1.063289999999999935e+01 4.380000000000000560e-02
0.000000000000000000e+00 -1.044259999999999877e+01 4.180000000000000382e-02
0.000000000000000000e+00 -1.023894999999999911e+01 3.959999999999999631e-02
0.000000000000000000e+00 -1.003669999999999973e+01 4.249999999999999611e-02
0.000000000000000000e+00 -9.838800000000000878e+00 3.989999999999999797e-02
0.000000000000000000e+00 -9.637999999999999901e+00 3.965000000000000469e-02
0.000000000000000000e+00 -9.442550000000000665e+00 3.799999999999999906e-02
0.000000000000000000e+00 -9.231600000000000250e+00 3.759999999999999454e-02
0.000000000000000000e+00 -9.042450000000000543e+00 3.765000000000000291e-02
0.000000000000000000e+00 -8.841249999999998721e+00 3.799999999999999906e-02
0.000000000000000000e+00 -8.633599999999999497e+00 3.765000000000000291e-02
0.000000000000000000e+00 -8.443099999999999383e+00 3.715000000000000246e-02
0.000000000000000000e+00 -8.236750000000000682e+00 3.894999999999999851e-02
0.000000000000000000e+00 -8.042449999999998766e+00 3.899999999999999994e-02
0.000000000000000000e+00 -7.833400000000000141e+00 3.955000000000000182e-02
0.000000000000000000e+00 -7.639749999999999375e+00 3.955000000000000182e-02
0.000000000000000000e+00 -7.442650000000000432e+00 3.724999999999999839e-02
0.000000000000000000e+00 -7.230000000000000426e+00 3.554999999999999827e-02
0.000000000000000000e+00 -7.043400000000000105e+00 3.629999999999999893e-02
0.000000000000000000e+00 -6.837949999999999307e+00 3.765000000000000291e-02
0.000000000000000000e+00 -6.641499999999999737e+00 3.980000000000000204e-02
0.000000000000000000e+00 -6.436450000000000671e+00 3.679999999999999938e-02
0.000000000000000000e+00 -6.239300000000000068e+00 3.905000000000000138e-02
0.000000000000000000e+00 -6.042500000000000426e+00 3.915000000000000424e-02
0.000000000000000000e+00 -5.831800000000000317e+00 3.905000000000000138e-02
0.000000000000000000e+00 -5.643150000000000333e+00 3.934999999999999609e-02
0.000000000000000000e+00 -5.439549999999999663e+00 3.965000000000000469e-02
0.000000000000000000e+00 -5.236799999999999677e+00 3.884999999999999565e-02
0.000000000000000000e+00 -5.038549999999999862e+00 4.039999999999999841e-02
0.000000000000000000e+00 -4.839199999999999946e+00 4.220000000000000140e-02
0.000000000000000000e+00 -4.642749999999999488e+00 4.809999999999999692e-02
0.000000000000000000e+00 -4.434899999999999842e+00 5.859999999999999931e-02
0.000000000000000000e+00 -4.242200000000000415e+00 7.439999999999999392e-02
0.000000000000000000e+00 -4.042199999999999349e+00 1.114499999999999935e-01
0.000000000000000000e+00 -3.831500000000000128e+00 1.478500000000000092e-01
0.000000000000000000e+00 -3.641700000000000159e+00 2.003500000000000003e-01
0.000000000000000000e+00 -3.436199999999999921e+00 2.613499999999999712e-01
0.000000000000000000e+00 -3.240800000000000125e+00 3.100999999999999868e-01
0.000000000000000000e+00 -3.035899999999999821e+00 4.204499999999999904e-01
0.000000000000000000e+00 -2.838950000000000085e+00 4.820999999999999730e-01
0.000000000000000000e+00 -2.643050000000000122e+00 5.580500000000000460e-01
0.000000000000000000e+00 -2.430299999999999905e+00 6.483999999999999764e-01
0.000000000000000000e+00 -2.243850000000000122e+00 7.081500000000000572e-01
0.000000000000000000e+00 -2.038050000000000139e+00 8.190500000000000558e-01
0.000000000000000000e+00 -1.840450000000000141e+00 9.334500000000000020e-01
0.000000000000000000e+00 -1.638199999999999878e+00 1.174450000000000216e+00
0.000000000000000000e+00 -1.438800000000000079e+00 1.561900000000000066e+00
0.000000000000000000e+00 -1.243100000000000094e+00 2.062400000000000233e+00
0.000000000000000000e+00 -1.029300000000000104e+00 2.874800000000000022e+00
0.000000000000000000e+00 -8.426500000000000101e-01 3.402849999999999930e+00
0.000000000000000000e+00 -6.374500000000000721e-01 3.992599999999999927e+00
0.000000000000000000e+00 -4.380499999999999949e-01 4.399449999999999861e+00
0.000000000000000000e+00 -2.399499999999999966e-01 4.671699999999999520e+00
0.000000000000000000e+00 -3.874999999999999972e-02 4.777749999999999275e+00
0.000000000000000000e+00 1.579500000000000071e-01 4.785149999999999793e+00
0.000000000000000000e+00 3.670499999999999874e-01 4.630449999999999733e+00
0.000000000000000000e+00 5.586499999999999799e-01 4.705099999999999838e+00
0.000000000000000000e+00 7.597000000000000419e-01 4.476549999999999585e+00
0.000000000000000000e+00 9.677000000000000046e-01 4.398450000000000415e+00
0.000000000000000000e+00 1.159250000000000114e+00 3.931899999999999729e+00
0.000000000000000000e+00 1.362800000000000011e+00 3.433150000000000368e+00
0.000000000000000000e+00 1.558349999999999902e+00 3.055800000000000072e+00
0.000000000000000000e+00 1.764699999999999935e+00 2.528599999999999959e+00
0.000000000000000000e+00 1.959600000000000009e+00 2.137550000000000061e+00
0.000000000000000000e+00 2.157000000000000028e+00 1.867849999999999788e+00
0.000000000000000000e+00 2.369850000000000012e+00 1.433549999999999880e+00
0.000000000000000000e+00 2.556449999999999889e+00 1.129899999999999904e+00
0.000000000000000000e+00 2.761800000000000033e+00 8.467000000000000082e-01
0.000000000000000000e+00 2.961699999999999999e+00 6.740500000000000380e-01
0.000000000000000000e+00 3.162250000000000227e+00 5.703000000000000291e-01
0.000000000000000000e+00 3.362249999999999961e+00 4.725500000000000256e-01
0.000000000000000000e+00 3.556750000000000078e+00 4.081500000000000128e-01
0.000000000000000000e+00 3.767999999999999794e+00 3.312000000000000499e-01
0.000000000000000000e+00 3.956999999999999851e+00 2.642499999999999849e-01
0.000000000000000000e+00 4.160700000000000287e+00 2.070500000000000118e-01
0.000000000000000000e+00 4.363599999999999923e+00 1.502499999999999947e-01
0.000000000000000000e+00 4.560349999999999682e+00 1.053000000000000047e-01
0.000000000000000000e+00 4.762249999999999872e+00 7.580000000000000626e-02
0.000000000000000000e+00 4.957699999999999996e+00 5.680000000000000326e-02
0.000000000000000000e+00 5.167149999999999466e+00 4.785000000000000364e-02
0.000000000000000000e+00 5.358550000000000146e+00 4.389999999999999458e-02
0.000000000000000000e+00 5.559200000000000585e+00 3.980000000000000204e-02
0.000000000000000000e+00 5.767199999999999882e+00 3.940000000000000446e-02
0.000000000000000000e+00 5.958899999999999864e+00 4.095000000000000029e-02
0.000000000000000000e+00 6.161850000000000271e+00 4.024999999999999412e-02
0.000000000000000000e+00 6.359250000000000291e+00 4.000000000000000083e-02
0.000000000000000000e+00 6.562249999999999694e+00 4.040000000000000535e-02
0.000000000000000000e+00 6.760600000000000165e+00 3.844999999999999807e-02
0.000000000000000000e+00 6.956250000000000711e+00 3.894999999999999851e-02
0.000000000000000000e+00 7.170600000000000307e+00 3.884999999999999565e-02
0.000000000000000000e+00 7.357649999999999579e+00 3.750000000000000555e-02
0.000000000000000000e+00 7.562049999999999272e+00 3.710000000000000103e-02
0.000000000000000000e+00 7.762400000000000411e+00 3.769999999999999740e-02
0.000000000000000000e+00 7.959749999999999659e+00 3.865000000000000380e-02
0.000000000000000000e+00 8.162900000000000489e+00 3.669999999999999651e-02
0.000000000000000000e+00 8.356349999999999056e+00 3.729999999999999982e-02
0.000000000000000000e+00 8.568699999999999761e+00 3.849999999999999950e-02
0.000000000000000000e+00 8.757350000000000634e+00 3.709999999999999409e-02
0.000000000000000000e+00 8.960300000000000153e+00 3.884999999999999565e-02
0.000000000000000000e+00 9.165150000000000574e+00 3.744999999999999718e-02
0.000000000000000000e+00 9.358750000000000568e+00 3.600000000000000422e-02
0.000000000000000000e+00 9.562999999999998835e+00 3.790000000000000313e-02
0.000000000000000000e+00 9.757149999999999324e+00 3.830000000000000071e-02
0.000000000000000000e+00 9.967299999999999827e+00 3.899999999999999994e-02
0.000000000000000000e+00 1.015704999999999991e+01 3.784999999999999476e-02
0.000000000000000000e+00 1.035970000000000013e+01 3.865000000000000380e-02
0.000000000000000000e+00 1.056765000000000043e+01 3.889999999999999708e-02
0.000000000000000000e+00 1.075730000000000075e+01 3.915000000000000424e-02
0.000000000000000000e+00 1.096144999999999925e+01 3.729999999999999982e-02
0.000000000000000000e+00 1.115920000000000023e+01 3.670000000000000345e-02
0.000000000000000000e+00 1.136475000000000080e+01 3.824999999999999928e-02
0.000000000000000000e+00 1.156095000000000006e+01 3.899999999999999994e-02
0.000000000000000000e+00 1.175764999999999993e+01 3.994999999999999940e-02
0.000000000000000000e+00 1.196855000000000047e+01 3.969999999999999918e-02
0.000000000000000000e+00 1.215820000000000078e+01 3.955000000000000182e-02
0.000000000000000000e+00 1.236035000000000039e+01 3.694999999999999674e-02
0.000000000000000000e+00 1.256315000000000026e+01 3.780000000000000027e-02
0.000000000000000000e+00 1.276180000000000092e+01 3.824999999999999928e-02
0.000000000000000000e+00 1.296245000000000047e+01 3.740000000000000269e-02
0.000000000000000000e+00 1.315565000000000140e+01 3.784999999999999476e-02
0.000000000000000000e+00 1.336840000000000117e+01 3.755000000000000004e-02
0.000000000000000000e+00 1.355584999999999951e+01 3.799999999999999906e-02
0.000000000000000000e+00 1.375924999999999976e+01 3.740000000000000269e-02
0.000000000000000000e+00 1.396649999999999991e+01 3.735000000000000125e-02
0.000000000000000000e+00 1.415930000000000000e+01 3.880000000000000115e-02
0.000000000000000000e+00 1.436430000000000007e+01 3.910000000000000281e-02
0.000000000000000000e+00 1.455835000000000079e+01 3.844999999999999807e-02
0.000000000000000000e+00 1.476614999999999966e+01 3.844999999999999807e-02
