0.000000000000000000e+00 -1.499924999999999997e+01 3.765000000000000291e-02
0.000000000000000000e+00 -1.483719999999999928e+01 3.805000000000000049e-02
0.000000000000000000e+00 -1.463935000000000031e+01 3.955000000000000182e-02
0.000000000000000000e+00 -1.443779999999999930e+01 3.640000000000000180e-02
0.000000000000000000e+00 -1.424189999999999934e+01 3.769999999999999740e-02
0.000000000000000000e+00 -1.403260000000000041e+01 3.844999999999999807e-02
0.000000000000000000e+00 -1.384154999999999980e+01 3.755000000000000004e-02
0.000000000000000000e+00 -1.364000000000000057e+01 3.744999999999999718e-02
0.000000000000000000e+00 -1.343314999999999948e+01 3.690000000000000224e-02
0.000000000000000000e+00 -1.324065000000000047e+01 3.759999999999999454e-02
0.000000000000000000e+00 -1.303630000000000067e+01 3.830000000000000071e-02
0.000000000000000000e+00 -1.284399999999999942e+01 4.109999999999999765e-02
0.000000000000000000e+00 -1.263390000000000057e+01 3.715000000000000246e-02
0.000000000000000000e+00 -1.244120000000000026e+01 4.084999999999999742e-02
0.000000000000000000e+00 -1.224060000000000059e+01 3.930000000000000160e-02
0.000000000000000000e+00 -1.203089999999999904e+01 3.844999999999999807e-02
0.000000000000000000e+00 -1.184165000000000134e+01 3.824999999999999928e-02
0.000000000000000000e+00 -1.163584999999999958e+01 3.704999999999999960e-02
0.000000000000000000e+00 -1.144120000000000026e+01 3.719999999999999696e-02
0.000000000000000000e+00 -1.123579999999999934e+01 3.775000000000000577e-02
0.000000000000000000e+00 -1.104049999999999976e+01 3.869999999999999829e-02
0.000000000000000000e+00 -1.084304999999999986e+01 3.780000000000000027e-02
0.000000000000000000e+00 -1.063234999999999886e+01 3.899999999999999994e-02
0.000000000000000000e+00 -1.044245000000000090e+01 3.855000000000000093e-02
0.000000000000000000e+00 -1.023855000000000004e+01 3.679999999999999938e-02
0.000000000000000000e+00 -1.003640000000000043e+01 3.909999999999999587e-02
0.000000000000000000e+00 -9.838799999999999102e+00 3.819999999999999785e-02
0.000000000000000000e+00 -9.637700000000000600e+00 3.790000000000000313e-02
0.000000000000000000e+00 -9.441150000000000375e+00 3.919999999999999873e-02
0.000000000000000000e+00 -9.231450000000000600e+00 3.610000000000000014e-02
0.000000000000000000e+00 -9.041650000000000631e+00 4.055000000000000271e-02
0.000000000000000000e+00 -8.840949999999999420e+00 3.799999999999999906e-02
0.000000000000000000e+00 -8.633200000000000429e+00 3.794999999999999762e-02
0.000000000000000000e+00 -8.442800000000000082e+00 3.874999999999999972e-02
0.000000000000000000e+00 -8.236100000000000421e+00 3.980000000000000204e-02
0.000000000000000000e+00 -8.042400000000000659e+00 3.984999999999999654e-02
0.000000000000000000e+00 -7.833050000000000068e+00 3.984999999999999654e-02
0.000000000000000000e+00 -7.639899999999999913e+00 4.070000000000000007e-02
0.000000000000000000e+00 -7.442650000000000432e+00 3.890000000000000402e-02
0.000000000000000000e+00 -7.229699999999999349e+00 3.980000000000000204e-02
0.000000000000000000e+00 -7.043050000000000033e+00 3.855000000000000093e-02
0.000000000000000000e+00 -6.837849999999999540e+00 3.955000000000000182e-02
0.000000000000000000e+00 -6.640649999999999942e+00 4.030000000000000249e-02
0.000000000000000000e+00 -6.435800000000000409e+00 4.065000000000000557e-02
0.000000000000000000e+00 -6.239749999999999908e+00 3.975000000000000061e-02
0.000000000000000000e+00 -6.041900000000000048e+00 4.099999999999999478e-02
0.000000000000000000e+00 -5.831150000000000055e+00 4.059999999999999720e-02
0.000000000000000000e+00 -5.643200000000000216e+00 4.019999999999999962e-02
0.000000000000000000e+00 -5.438749999999999751e+00 4.109999999999999765e-02
0.000000000000000000e+00 -5.236299999999999955e+00 4.100000000000000172e-02
0.000000000000000000e+00 -5.038550000000000750e+00 3.950000000000000039e-02
0.000000000000000000e+00 -4.838200000000000500e+00 4.134999999999999787e-02
0.000000000000000000e+00 -4.642749999999999488e+00 4.170000000000000095e-02
0.000000000000000000e+00 -4.434849999999999959e+00 3.950000000000000039e-02
0.000000000000000000e+00 -4.241300000000000736e+00 4.019999999999999962e-02
0.000000000000000000e+00 -4.042149999999999466e+00 4.095000000000000029e-02
0.000000000000000000e+00 -3.831550000000000011e+00 3.990000000000000491e-02
0.000000000000000000e+00 -3.641350000000000087e+00 4.180000000000000382e-02
0.000000000000000000e+00 -3.436049999999999827e+00 4.019999999999999962e-02
0.000000000000000000e+00 -3.240549999999999820e+00 4.660000000000000253e-02
0.000000000000000000e+00 -3.035250000000000004e+00 5.355000000000000038e-02
0.000000000000000000e+00 -2.838899999999999757e+00 8.110000000000000542e-02
0.000000000000000000e+00 -2.642450000000000188e+00 1.208499999999999991e-01
0.000000000000000000e+00 -2.430100000000000371e+00 1.820999999999999841e-01
0.000000000000000000e+00 -2.243949999999999889e+00 3.118500000000000161e-01
0.000000000000000000e+00 -2.037549999999999972e+00 4.228000000000000091e-01
0.000000000000000000e+00 -1.840549999999999908e+00 5.495000000000000995e-01
0.000000000000000000e+00 -1.637750000000000039e+00 6.462499999999999911e-01
0.000000000000000000e+00 -1.438649999999999984e+00 7.834499999999999797e-01
0.000000000000000000e+00 -1.242599999999999927e+00 9.551000000000000600e-01
0.000000000000000000e+00 -1.029349999999999987e+00 1.191699999999999982e+00
0.000000000000000000e+00 -8.422499999999999432e-01 1.447200000000000042e+00
0.000000000000000000e+00 -6.370000000000000107e-01 2.050749999999999851e+00
0.000000000000000000e+00 -4.386499999999999844e-01 3.035849999999999937e+00
0.000000000000000000e+00 -2.398500000000000076e-01 3.889800000000000146e+00
0.000000000000000000e+00 -3.865000000000000380e-02 4.649599999999999511e+00
0.000000000000000000e+00 1.579500000000000071e-01 5.111150000000000304e+00
0.000000000000000000e+00 3.672000000000000264e-01 5.358600000000000030e+00
0.000000000000000000e+00 5.595499999999999918e-01 5.461750000000000327e+00
0.000000000000000000e+00 7.597000000000000419e-01 5.408300000000000551e+00
0.000000000000000000e+00 9.687999999999999945e-01 5.345100000000000406e+00
0.000000000000000000e+00 1.159149999999999903e+00 5.227949999999999875e+00
0.000000000000000000e+00 1.362800000000000011e+00 5.157550000000000523e+00
0.000000000000000000e+00 1.559299999999999908e+00 4.907700000000000173e+00
0.000000000000000000e+00 1.765200000000000102e+00 4.383750000000000036e+00
0.000000000000000000e+00 1.960099999999999953e+00 3.706199999999999939e+00
0.000000000000000000e+00 2.157999999999999918e+00 2.843249999999999833e+00
0.000000000000000000e+00 2.370699999999999807e+00 2.255799999999999805e+00
0.000000000000000000e+00 2.556550000000000100e+00 1.873299999999999965e+00
0.000000000000000000e+00 2.762000000000000011e+00 1.454549999999999788e+00
0.000000000000000000e+00 2.961999999999999744e+00 1.141150000000000109e+00
0.000000000000000000e+00 3.163599999999999746e+00 8.238999999999999657e-01
0.000000000000000000e+00 3.362999999999999989e+00 6.446499999999999453e-01
0.000000000000000000e+00 3.557100000000000151e+00 4.779999999999999805e-01
0.000000000000000000e+00 3.768650000000000055e+00 3.558499999999999996e-01
0.000000000000000000e+00 3.957149999999999945e+00 2.678500000000000325e-01
0.000000000000000000e+00 4.160499999999999865e+00 1.761500000000000010e-01
0.000000000000000000e+00 4.364499999999999602e+00 1.218500000000000000e-01
0.000000000000000000e+00 4.560249999999999915e+00 7.894999999999999241e-02
0.000000000000000000e+00 4.762199999999999989e+00 5.904999999999999832e-02
0.000000000000000000e+00 4.958149999999999835e+00 4.539999999999999591e-02
0.000000000000000000e+00 5.167349999999999888e+00 4.379999999999999866e-02
0.000000000000000000e+00 5.358449999999999491e+00 3.969999999999999918e-02
0.000000000000000000e+00 5.559599999999999653e+00 4.044999999999999984e-02
0.000000000000000000e+00 5.768699999999999939e+00 3.855000000000000093e-02
0.000000000000000000e+00 5.958600000000000563e+00 3.744999999999999718e-02
0.000000000000000000e+00 6.162300000000000111e+00 3.735000000000000125e-02
0.000000000000000000e+00 6.359899999999999665e+00 4.065000000000000557e-02
0.000000000000000000e+00 6.562049999999999272e+00 3.740000000000000269e-02
0.000000000000000000e+00 6.761400000000000077e+00 3.774999999999999883e-02
0.000000000000000000e+00 6.956400000000000361e+00 3.914999999999999730e-02
0.000000000000000000e+00 7.170500000000000540e+00 3.765000000000000291e-02
0.000000000000000000e+00 7.358349999999999724e+00 3.874999999999999972e-02
0.000000000000000000e+00 7.562350000000000350e+00 3.704999999999999960e-02
0.000000000000000000e+00 7.762249999999999872e+00 3.840000000000000357e-02
0.000000000000000000e+00 7.961149999999999949e+00 3.840000000000000357e-02
0.000000000000000000e+00 8.163299999999999557e+00 3.874999999999999972e-02
0.000000000000000000e+00 8.356400000000000716e+00 3.874999999999999972e-02
0.000000000000000000e+00 8.570249999999999702e+00 3.830000000000000071e-02
0.000000000000000000e+00 8.757699999999999818e+00 3.909999999999999587e-02
0.000000000000000000e+00 8.960650000000001114e+00 3.669999999999999651e-02
0.000000000000000000e+00 9.165399999999999991e+00 3.874999999999999972e-02
0.000000000000000000e+00 9.358799999999998676e+00 4.009999999999999676e-02
0.000000000000000000e+00 9.563449999999999562e+00 4.105000000000000315e-02
0.000000000000000000e+00 9.757300000000000750e+00 3.890000000000000402e-02
0.000000000000000000e+00 9.967600000000000904e+00 4.195000000000000118e-02
0.000000000000000000e+00 1.015814999999999912e+01 3.874999999999999972e-02
0.000000000000000000e+00 1.035975000000000001e+01 3.784999999999999476e-02
0.000000000000000000e+00 1.056824999999999903e+01 3.819999999999999785e-02
0.000000000000000000e+00 1.075799999999999912e+01 4.050000000000000128e-02
0.000000000000000000e+00 1.096164999999999878e+01 4.105000000000000315e-02
0.000000000000000000e+00 1.115950000000000131e+01 3.840000000000000357e-02
0.000000000000000000e+00 1.136489999999999867e+01 4.084999999999999742e-02
0.000000000000000000e+00 1.156160000000000032e+01 4.065000000000000557e-02
0.000000000000000000e+00 1.175775000000000148e+01 3.899999999999999994e-02
0.000000000000000000e+00 1.196890000000000143e+01 3.840000000000000357e-02
0.000000000000000000e+00 1.215864999999999974e+01 3.944999999999999896e-02
0.000000000000000000e+00 1.236064999999999969e+01 3.884999999999999565e-02
0.000000000000000000e+00 1.256339999999999968e+01 3.849999999999999950e-02
0.000000000000000000e+00 1.276215000000000011e+01 3.790000000000000313e-02
0.000000000000000000e+00 1.296225000000000094e+01 3.919999999999999873e-02
0.000000000000000000e+00 1.315634999999999977e+01 3.794999999999999762e-02
0.000000000000000000e+00 1.336885000000000012e+01 3.790000000000000313e-02
0.000000000000000000e+00 1.355644999999999989e+01 3.760000000000000148e-02
0.000000000000000000e+00 1.376074999999999982e+01 3.855000000000000093e-02
0.000000000000000000e+00 1.396604999999999919e+01 3.874999999999999972e-02
0.000000000000000000e+00 1.415934999999999988e+01 3.790000000000000313e-02
0.000000000000000000e+00 1.436495000000000033e+01 3.819999999999999785e-02
0.000000000000000000e+00 1.455869999999999997e+01 3.815000000000000335e-02
0.000000000000000000e+00 1.476684999999999981e+01 3.679999999999999938e-02
