0.000000000000000000e+00 -1.499915000000000020e+01 3.785000000000000170e-02
0.000000000000000000e+00 -1.483774999999999977e+01 3.880000000000000115e-02
0.000000000000000000e+00 -1.463974999999999937e+01 3.905000000000000138e-02
0.000000000000000000e+00 -1.443779999999999930e+01 3.964999999999999775e-02
0.000000000000000000e+00 -1.424205000000000076e+01 3.810000000000000192e-02
0.000000000000000000e+00 -1.403284999999999982e+01 3.905000000000000138e-02
0.000000000000000000e+00 -1.384215000000000018e+01 3.950000000000000039e-02
0.000000000000000000e+00 -1.364049999999999940e+01 3.790000000000000313e-02
0.000000000000000000e+00 -1.343404999999999916e+01 3.969999999999999918e-02
0.000000000000000000e+00 -1.324024999999999963e+01 4.155000000000000360e-02
0.000000000000000000e+00 -1.303715000000000046e+01 4.000000000000000083e-02
0.000000000000000000e+00 -1.284410000000000096e+01 3.775000000000000577e-02
0.000000000000000000e+00 -1.263410000000000011e+01 4.095000000000000029e-02
0.000000000000000000e+00 -1.244195000000000029e+01 3.955000000000000182e-02
0.000000000000000000e+00 -1.224094999999999978e+01 3.880000000000000115e-02
0.000000000000000000e+00 -1.203089999999999904e+01 3.950000000000000039e-02
0.000000000000000000e+00 -1.184210000000000029e+01 4.100000000000000172e-02
0.000000000000000000e+00 -1.163584999999999958e+01 3.955000000000000182e-02
0.000000000000000000e+00 -1.144130000000000003e+01 4.015000000000000513e-02
0.000000000000000000e+00 -1.123655000000000115e+01 3.645000000000000323e-02
0.000000000000000000e+00 -1.104105000000000025e+01 3.840000000000000357e-02
0.000000000000000000e+00 -1.084335000000000093e+01 3.665000000000000202e-02
0.000000000000000000e+00 -1.063320000000000043e+01 3.840000000000000357e-02
0.000000000000000000e+00 -1.044214999999999982e+01 3.959999999999999631e-02
0.000000000000000000e+00 -1.023884999999999934e+01 3.874999999999999972e-02
0.000000000000000000e+00 -1.003744999999999976e+01 3.805000000000000049e-02
0.000000000000000000e+00 -9.838900000000000645e+00 3.905000000000000138e-02
0.000000000000000000e+00 -9.638100000000001444e+00 3.859999999999999543e-02
0.000000000000000000e+00 -9.442299999999999471e+00 3.775000000000000577e-02
0.000000000000000000e+00 -9.231850000000001444e+00 3.824999999999999928e-02
0.000000000000000000e+00 -9.042249999999999233e+00 3.840000000000000357e-02
0.000000000000000000e+00 -8.841599999999999682e+00 3.794999999999999762e-02
0.000000000000000000e+00 -8.633649999999999380e+00 3.710000000000000103e-02
0.000000000000000000e+00 -8.442899999999999849e+00 3.744999999999999718e-02
0.000000000000000000e+00 -8.236399999999999721e+00 4.180000000000000382e-02
0.000000000000000000e+00 -8.042550000000000310e+00 3.994999999999999940e-02
0.000000000000000000e+00 -7.833750000000000213e+00 3.874999999999999972e-02
0.000000000000000000e+00 -7.639499999999999957e+00 3.760000000000000148e-02
0.000000000000000000e+00 -7.442550000000000665e+00 3.880000000000000115e-02
0.000000000000000000e+00 -7.230000000000000426e+00 3.894999999999999851e-02
0.000000000000000000e+00 -7.043400000000000105e+00 3.815000000000000335e-02
0.000000000000000000e+00 -6.837849999999999540e+00 3.915000000000000424e-02
0.000000000000000000e+00 -6.641199999999999548e+00 3.969999999999999918e-02
0.000000000000000000e+00 -6.436600000000000321e+00 3.719999999999999696e-02
0.000000000000000000e+00 -6.239549999999999486e+00 4.005000000000000226e-02
0.000000000000000000e+00 -6.042550000000000310e+00 3.869999999999999829e-02
0.000000000000000000e+00 -5.831900000000000084e+00 3.919999999999999873e-02
0.000000000000000000e+00 -5.643349999999999866e+00 3.894999999999999851e-02
0.000000000000000000e+00 -5.439000000000000057e+00 3.894999999999999851e-02
0.000000000000000000e+00 -5.236850000000000449e+00 3.959999999999999631e-02
0.000000000000000000e+00 -5.038249999999999673e+00 3.894999999999999851e-02
0.000000000000000000e+00 -4.838699999999999335e+00 3.865000000000000380e-02
0.000000000000000000e+00 -4.643349999999999866e+00 3.849999999999999950e-02
0.000000000000000000e+00 -4.434649999999999537e+00 3.890000000000000402e-02
0.000000000000000000e+00 -4.241600000000000037e+00 3.894999999999999851e-02
0.000000000000000000e+00 -4.042149999999999466e+00 3.780000000000000027e-02
0.000000000000000000e+00 -3.831649999999999778e+00 3.755000000000000004e-02
0.000000000000000000e+00 -3.641799999999999926e+00 3.925000000000000017e-02
0.000000000000000000e+00 -3.436650000000000205e+00 4.214999999999999997e-02
0.000000000000000000e+00 -3.240699999999999914e+00 4.170000000000000095e-02
0.000000000000000000e+00 -3.035699999999999843e+00 4.324999999999999678e-02
0.000000000000000000e+00 -2.838899999999999757e+00 4.429999999999999910e-02
0.000000000000000000e+00 -2.643299999999999983e+00 7.200000000000000844e-02
0.000000000000000000e+00 -2.430500000000000327e+00 1.169000000000000039e-01
0.000000000000000000e+00 -2.243649999999999700e+00 1.864999999999999991e-01
0.000000000000000000e+00 -2.037899999999999601e+00 3.286999999999999922e-01
0.000000000000000000e+00 -1.840650000000000119e+00 4.939500000000000002e-01
0.000000000000000000e+00 -1.637849999999999806e+00 6.441500000000000004e-01
0.000000000000000000e+00 -1.438749999999999973e+00 7.664999999999999591e-01
0.000000000000000000e+00 -1.242150000000000087e+00 9.627999999999999892e-01
0.000000000000000000e+00 -1.029500000000000082e+00 1.258700000000000152e+00
0.000000000000000000e+00 -8.428499999999999881e-01 1.617049999999999876e+00
0.000000000000000000e+00 -6.373999999999999666e-01 2.045250000000000234e+00
0.000000000000000000e+00 -4.385999999999999899e-01 2.921649999999999636e+00
0.000000000000000000e+00 -2.403000000000000136e-01 4.080449999999999910e+00
0.000000000000000000e+00 -3.894999999999999851e-02 4.745750000000000135e+00
0.000000000000000000e+00 1.578499999999999903e-01 5.426899999999999835e+00
0.000000000000000000e+00 3.670999999999999819e-01 5.634000000000000341e+00
0.000000000000000000e+00 5.591999999999999194e-01 5.613500000000000156e+00
0.000000000000000000e+00 7.598000000000000309e-01 5.484650000000000247e+00
0.000000000000000000e+00 9.671000000000000707e-01 5.216549999999999798e+00
0.000000000000000000e+00 1.159149999999999903e+00 5.185050000000000381e+00
0.000000000000000000e+00 1.362500000000000044e+00 5.027499999999999858e+00
0.000000000000000000e+00 1.558999999999999941e+00 4.439849999999999852e+00
0.000000000000000000e+00 1.764950000000000019e+00 4.041999999999999815e+00
0.000000000000000000e+00 1.960399999999999920e+00 3.291399999999999881e+00
0.000000000000000000e+00 2.156749999999999723e+00 2.538750000000000284e+00
0.000000000000000000e+00 2.369850000000000012e+00 1.919999999999999929e+00
0.000000000000000000e+00 2.556449999999999889e+00 1.639199999999999990e+00
0.000000000000000000e+00 2.761649999999999938e+00 1.281699999999999839e+00
0.000000000000000000e+00 2.961599999999999788e+00 9.531000000000000583e-01
0.000000000000000000e+00 3.162449999999999761e+00 6.702000000000000179e-01
0.000000000000000000e+00 3.363150000000000084e+00 5.080000000000000071e-01
0.000000000000000000e+00 3.556950000000000056e+00 3.892999999999999794e-01
0.000000000000000000e+00 3.768200000000000216e+00 2.848499999999999921e-01
0.000000000000000000e+00 3.957099999999999618e+00 1.955999999999999961e-01
0.000000000000000000e+00 4.160750000000000171e+00 1.274000000000000132e-01
0.000000000000000000e+00 4.363800000000000345e+00 8.719999999999999973e-02
0.000000000000000000e+00 4.560449999999999449e+00 5.990000000000000185e-02
0.000000000000000000e+00 4.762150000000000105e+00 4.555000000000000021e-02
0.000000000000000000e+00 4.957649999999999224e+00 4.109999999999999765e-02
0.000000000000000000e+00 5.166900000000000048e+00 4.000000000000000083e-02
0.000000000000000000e+00 5.358600000000000030e+00 3.660000000000000059e-02
0.000000000000000000e+00 5.558949999999999392e+00 3.844999999999999807e-02
0.000000000000000000e+00 5.767850000000000144e+00 3.894999999999999851e-02
0.000000000000000000e+00 5.959099999999999397e+00 3.955000000000000182e-02
0.000000000000000000e+00 6.161749999999999616e+00 3.830000000000000071e-02
0.000000000000000000e+00 6.359849999999999781e+00 3.684999999999999387e-02
0.000000000000000000e+00 6.562199999999999811e+00 3.909999999999999587e-02
0.000000000000000000e+00 6.760899999999999466e+00 3.859999999999999543e-02
0.000000000000000000e+00 6.956699999999999662e+00 3.880000000000000115e-02
0.000000000000000000e+00 7.170550000000000423e+00 3.794999999999999762e-02
0.000000000000000000e+00 7.357649999999999579e+00 3.859999999999999543e-02
0.000000000000000000e+00 7.562450000000000117e+00 3.700000000000000511e-02
0.000000000000000000e+00 7.762349999999999639e+00 3.735000000000000125e-02
0.000000000000000000e+00 7.960449999999999804e+00 3.755000000000000004e-02
0.000000000000000000e+00 8.163000000000000256e+00 3.849999999999999950e-02
0.000000000000000000e+00 8.356099999999999639e+00 3.724999999999999839e-02
0.000000000000000000e+00 8.569250000000000256e+00 3.694999999999999674e-02
0.000000000000000000e+00 8.757400000000000517e+00 3.925000000000000017e-02
0.000000000000000000e+00 8.960699999999999221e+00 3.684999999999999387e-02
0.000000000000000000e+00 9.165350000000000108e+00 3.955000000000000182e-02
0.000000000000000000e+00 9.358950000000000102e+00 3.805000000000000049e-02
0.000000000000000000e+00 9.562899999999999068e+00 3.830000000000000071e-02
0.000000000000000000e+00 9.757699999999999818e+00 3.799999999999999906e-02
0.000000000000000000e+00 9.966750000000001108e+00 3.869999999999999829e-02
0.000000000000000000e+00 1.015779999999999994e+01 3.919999999999999873e-02
0.000000000000000000e+00 1.036035000000000039e+01 3.894999999999999851e-02
0.000000000000000000e+00 1.056789999999999985e+01 3.894999999999999851e-02
0.000000000000000000e+00 1.075744999999999862e+01 3.760000000000000148e-02
0.000000000000000000e+00 1.096189999999999998e+01 3.700000000000000511e-02
0.000000000000000000e+00 1.115930000000000000e+01 3.675000000000000488e-02
0.000000000000000000e+00 1.136459999999999937e+01 3.604999999999999871e-02
0.000000000000000000e+00 1.156090000000000018e+01 3.674999999999999795e-02
0.000000000000000000e+00 1.175795000000000101e+01 3.759999999999999454e-02
0.000000000000000000e+00 1.196865000000000023e+01 3.934999999999999609e-02
0.000000000000000000e+00 1.215884999999999927e+01 4.070000000000000007e-02
0.000000000000000000e+00 1.236095000000000077e+01 3.960000000000000325e-02
0.000000000000000000e+00 1.256325000000000003e+01 4.065000000000000557e-02
0.000000000000000000e+00 1.276154999999999973e+01 3.794999999999999762e-02
0.000000000000000000e+00 1.296239999999999881e+01 4.059999999999999720e-02
0.000000000000000000e+00 1.315540000000000020e+01 3.905000000000000138e-02
0.000000000000000000e+00 1.336840000000000117e+01 3.959999999999999631e-02
0.000000000000000000e+00 1.355625000000000036e+01 3.919999999999999873e-02
0.000000000000000000e+00 1.376060000000000016e+01 3.830000000000000071e-02
0.000000000000000000e+00 1.396615000000000073e+01 3.719999999999999696e-02
0.000000000000000000e+00 1.415934999999999988e+01 4.044999999999999984e-02
0.000000000000000000e+00 1.436415000000000042e+01 4.055000000000000271e-02
0.000000000000000000e+00 1.455799999999999983e+01 3.930000000000000160e-02
0.000000000000000000e+00 1.476624999999999943e+01 3.880000000000000115e-02
