0.000000000000000000e+00 -1.499910000000000032e+01 3.805000000000000049e-02
0.000000000000000000e+00 -1.483699999999999974e+01 4.040000000000000535e-02
0.000000000000000000e+00 -1.463949999999999996e+01 3.884999999999999565e-02
0.000000000000000000e+00 -1.443720000000000070e+01 3.790000000000000313e-02
0.000000000000000000e+00 -1.424160000000000004e+01 4.184999999999999831e-02
0.000000000000000000e+00 -1.403275000000000006e+01 3.735000000000000125e-02
0.000000000000000000e+00 -1.384164999999999957e+01 3.840000000000000357e-02
0.000000000000000000e+00 -1.363980000000000103e+01 3.855000000000000093e-02
0.000000000000000000e+00 -1.343335000000000079e+01 3.765000000000000291e-02
0.000000000000000000e+00 -1.323985000000000056e+01 3.629999999999999893e-02
0.000000000000000000e+00 -1.303709999999999880e+01 3.615000000000000158e-02
0.000000000000000000e+00 -1.284375000000000000e+01 3.830000000000000071e-02
0.000000000000000000e+00 -1.263380000000000081e+01 3.869999999999999829e-02
0.000000000000000000e+00 -1.244095000000000084e+01 4.030000000000000249e-02
0.000000000000000000e+00 -1.224029999999999951e+01 3.784999999999999476e-02
0.000000000000000000e+00 -1.203024999999999878e+01 3.905000000000000138e-02
0.000000000000000000e+00 -1.184165000000000134e+01 3.719999999999999696e-02
0.000000000000000000e+00 -1.163555000000000028e+01 3.874999999999999972e-02
0.000000000000000000e+00 -1.144084999999999930e+01 3.755000000000000004e-02
0.000000000000000000e+00 -1.123560000000000159e+01 3.715000000000000246e-02
0.000000000000000000e+00 -1.104094999999999871e+01 3.930000000000000160e-02
0.000000000000000000e+00 -1.084264999999999901e+01 3.844999999999999807e-02
0.000000000000000000e+00 -1.063230000000000075e+01 3.965000000000000469e-02
0.000000000000000000e+00 -1.044224999999999959e+01 4.180000000000000382e-02
0.000000000000000000e+00 -1.023855000000000004e+01 3.969999999999999918e-02
0.000000000000000000e+00 -1.003565000000000040e+01 3.950000000000000039e-02
0.000000000000000000e+00 -9.838799999999999102e+00 4.134999999999999787e-02
0.000000000000000000e+00 -9.637049999999998562e+00 4.345000000000000251e-02
0.000000000000000000e+00 -9.441449999999999676e+00 4.540000000000000285e-02
0.000000000000000000e+00 -9.231500000000000483e+00 4.320000000000000229e-02
0.000000000000000000e+00 -9.041199999999999903e+00 4.680000000000000132e-02
0.000000000000000000e+00 -8.841149999999998954e+00 5.144999999999999574e-02
0.000000000000000000e+00 -8.633499999999999730e+00 5.845000000000000195e-02
0.000000000000000000e+00 -8.442299999999999471e+00 6.495000000000000773e-02
0.000000000000000000e+00 -8.235549999999999926e+00 6.930000000000000049e-02
0.000000000000000000e+00 -8.041949999999999932e+00 7.889999999999999791e-02
0.000000000000000000e+00 -7.832599999999999341e+00 9.335000000000000242e-02
0.000000000000000000e+00 -7.640050000000000452e+00 1.008499999999999952e-01
0.000000000000000000e+00 -7.442499999999999893e+00 1.180499999999999883e-01
0.000000000000000000e+00 -7.229599999999999582e+00 1.360000000000000098e-01
0.000000000000000000e+00 -7.043699999999999406e+00 1.545500000000000207e-01
0.000000000000000000e+00 -6.837950000000000195e+00 1.821500000000000064e-01
0.000000000000000000e+00 -6.640050000000000452e+00 1.867999999999999938e-01
0.000000000000000000e+00 -6.436300000000000132e+00 2.239499999999999824e-01
0.000000000000000000e+00 -6.239300000000000068e+00 2.538000000000000256e-01
0.000000000000000000e+00 -6.041249999999999787e+00 2.673999999999999710e-01
0.000000000000000000e+00 -5.831799999999999429e+00 2.948000000000000065e-01
0.000000000000000000e+00 -5.642599999999999838e+00 3.162500000000000311e-01
0.000000000000000000e+00 -5.437900000000000844e+00 3.223000000000000309e-01
0.000000000000000000e+00 -5.236799999999999677e+00 3.475000000000000311e-01
0.000000000000000000e+00 -5.038050000000000139e+00 3.679999999999999938e-01
0.000000000000000000e+00 -4.837949999999999307e+00 3.806500000000000439e-01
0.000000000000000000e+00 -4.642899999999999139e+00 4.007000000000000006e-01
0.000000000000000000e+00 -4.433500000000000441e+00 4.251000000000000334e-01
0.000000000000000000e+00 -4.241400000000000503e+00 4.473500000000000254e-01
0.000000000000000000e+00 -4.042149999999999466e+00 4.696000000000000174e-01
0.000000000000000000e+00 -3.830799999999999983e+00 5.043999999999999595e-01
0.000000000000000000e+00 -3.641300000000000203e+00 5.358499999999999375e-01
0.000000000000000000e+00 -3.436350000000000016e+00 5.977000000000000091e-01
0.000000000000000000e+00 -3.239949999999999886e+00 6.300000000000000044e-01
0.000000000000000000e+00 -3.035499999999999865e+00 6.878500000000000725e-01
0.000000000000000000e+00 -2.838650000000000340e+00 8.105499999999999927e-01
0.000000000000000000e+00 -2.642649999999999721e+00 9.163000000000000034e-01
0.000000000000000000e+00 -2.429800000000000182e+00 9.985500000000000487e-01
0.000000000000000000e+00 -2.243400000000000283e+00 1.171300000000000008e+00
0.000000000000000000e+00 -2.037700000000000067e+00 1.289800000000000058e+00
0.000000000000000000e+00 -1.840450000000000141e+00 1.466199999999999948e+00
0.000000000000000000e+00 -1.637849999999999806e+00 1.604350000000000165e+00
0.000000000000000000e+00 -1.438750000000000195e+00 1.681750000000000078e+00
0.000000000000000000e+00 -1.242750000000000021e+00 1.815049999999999830e+00
0.000000000000000000e+00 -1.028950000000000031e+00 1.937349999999999905e+00
0.000000000000000000e+00 -8.419999999999999707e-01 2.022400000000000198e+00
0.000000000000000000e+00 -6.376999999999999336e-01 2.102500000000000036e+00
0.000000000000000000e+00 -4.378000000000000225e-01 2.175049999999999706e+00
0.000000000000000000e+00 -2.386999999999999955e-01 2.236749999999999794e+00
0.000000000000000000e+00 -3.880000000000000115e-02 2.292749999999999844e+00
0.000000000000000000e+00 1.580000000000000016e-01 2.333050000000000068e+00
0.000000000000000000e+00 3.676000000000000378e-01 2.364650000000000141e+00
0.000000000000000000e+00 5.589500000000000579e-01 2.406649999999999956e+00
0.000000000000000000e+00 7.600000000000000089e-01 2.397949999999999804e+00
0.000000000000000000e+00 9.688499999999999890e-01 2.401349999999999874e+00
0.000000000000000000e+00 1.158949999999999925e+00 2.428700000000000081e+00
0.000000000000000000e+00 1.363049999999999873e+00 2.421850000000000058e+00
0.000000000000000000e+00 1.560049999999999937e+00 2.382699999999999818e+00
0.000000000000000000e+00 1.764549999999999841e+00 2.368000000000000327e+00
0.000000000000000000e+00 1.960900000000000087e+00 2.320549999999999891e+00
0.000000000000000000e+00 2.157549999999999635e+00 2.272149999999999892e+00
0.000000000000000000e+00 2.370099999999999874e+00 2.214500000000000135e+00
0.000000000000000000e+00 2.557450000000000223e+00 2.141799999999999926e+00
0.000000000000000000e+00 2.761949999999999683e+00 2.077399999999999913e+00
0.000000000000000000e+00 2.962150000000000283e+00 1.930549999999999988e+00
0.000000000000000000e+00 3.163199999999999790e+00 1.813899999999999846e+00
0.000000000000000000e+00 3.363150000000000084e+00 1.693750000000000089e+00
0.000000000000000000e+00 3.556999999999999940e+00 1.564950000000000063e+00
0.000000000000000000e+00 3.768850000000000033e+00 1.447900000000000187e+00
0.000000000000000000e+00 3.957349999999999923e+00 1.285500000000000087e+00
0.000000000000000000e+00 4.161150000000000126e+00 1.230900000000000105e+00
0.000000000000000000e+00 4.365149999999999864e+00 1.137450000000000072e+00
0.000000000000000000e+00 4.560399999999999565e+00 1.041900000000000048e+00
0.000000000000000000e+00 4.762649999999999828e+00 9.102999999999999980e-01
0.000000000000000000e+00 4.958600000000000563e+00 8.304000000000000270e-01
0.000000000000000000e+00 5.166650000000000631e+00 7.253500000000000503e-01
0.000000000000000000e+00 5.358600000000000030e+00 6.541000000000000147e-01
0.000000000000000000e+00 5.559899999999999842e+00 5.733000000000000318e-01
0.000000000000000000e+00 5.767749999999999488e+00 4.928000000000000158e-01
0.000000000000000000e+00 5.959200000000000053e+00 4.739999999999999769e-01
0.000000000000000000e+00 6.162649999999999295e+00 4.263500000000000068e-01
0.000000000000000000e+00 6.359949999999999548e+00 3.746499999999999830e-01
0.000000000000000000e+00 6.562649999999999650e+00 3.349499999999999700e-01
0.000000000000000000e+00 6.761749999999999261e+00 2.983000000000000096e-01
0.000000000000000000e+00 6.956400000000000361e+00 2.757999999999999896e-01
0.000000000000000000e+00 7.171049999999999258e+00 2.424999999999999933e-01
0.000000000000000000e+00 7.358349999999999724e+00 2.179999999999999993e-01
0.000000000000000000e+00 7.562450000000000117e+00 1.958500000000000241e-01
0.000000000000000000e+00 7.763550000000000395e+00 1.796999999999999986e-01
0.000000000000000000e+00 7.961249999999999716e+00 1.645500000000000018e-01
0.000000000000000000e+00 8.163050000000000139e+00 1.510499999999999898e-01
0.000000000000000000e+00 8.357350000000000279e+00 1.311499999999999888e-01
0.000000000000000000e+00 8.569800000000000750e+00 1.171999999999999986e-01
0.000000000000000000e+00 8.757450000000000401e+00 1.025999999999999968e-01
0.000000000000000000e+00 8.961100000000000065e+00 8.940000000000000724e-02
0.000000000000000000e+00 9.165599999999999525e+00 7.355000000000000426e-02
0.000000000000000000e+00 9.358850000000000335e+00 6.445000000000000728e-02
0.000000000000000000e+00 9.563649999999999096e+00 5.539999999999999786e-02
0.000000000000000000e+00 9.756899999999999906e+00 5.144999999999999574e-02
0.000000000000000000e+00 9.967500000000001137e+00 4.694999999999999868e-02
0.000000000000000000e+00 1.015820000000000078e+01 4.320000000000000229e-02
0.000000000000000000e+00 1.035975000000000001e+01 3.884999999999999565e-02
0.000000000000000000e+00 1.056800000000000139e+01 4.034999999999999698e-02
0.000000000000000000e+00 1.075799999999999912e+01 4.109999999999999765e-02
0.000000000000000000e+00 1.096170000000000044e+01 4.295000000000000207e-02
0.000000000000000000e+00 1.115954999999999941e+01 4.055000000000000271e-02
0.000000000000000000e+00 1.136534999999999940e+01 3.980000000000000204e-02
0.000000000000000000e+00 1.156085000000000029e+01 3.925000000000000017e-02
0.000000000000000000e+00 1.175850000000000151e+01 3.999999999999999389e-02
0.000000000000000000e+00 1.196985000000000099e+01 3.909999999999999587e-02
0.000000000000000000e+00 1.215865000000000151e+01 3.844999999999999807e-02
0.000000000000000000e+00 1.236165000000000092e+01 3.975000000000000061e-02
0.000000000000000000e+00 1.256364999999999910e+01 3.999999999999999389e-02
0.000000000000000000e+00 1.276180000000000092e+01 4.059999999999999720e-02
0.000000000000000000e+00 1.296284999999999954e+01 3.974999999999999367e-02
0.000000000000000000e+00 1.315675000000000061e+01 3.840000000000000357e-02
0.000000000000000000e+00 1.336844999999999928e+01 3.984999999999999654e-02
0.000000000000000000e+00 1.355669999999999931e+01 3.915000000000000424e-02
0.000000000000000000e+00 1.376060000000000016e+01 3.975000000000000061e-02
0.000000000000000000e+00 1.396640000000000015e+01 3.934999999999999609e-02
0.000000000000000000e+00 1.415995000000000026e+01 3.980000000000000204e-02
0.000000000000000000e+00 1.436505000000000010e+01 4.159999999999999809e-02
0.000000000000000000e+00 1.455825000000000102e+01 4.070000000000000007e-02
0.000000000000000000e+00 1.476705000000000112e+01 3.899999999999999994e-02
