0.000000000000000000e+00 -1.499915000000000020e+01 4.114999999999999908e-02
0.000000000000000000e+00 -1.483689999999999998e+01 3.694999999999999674e-02
0.000000000000000000e+00 -1.463990000000000080e+01 4.050000000000000128e-02
0.000000000000000000e+00 -1.443745000000000012e+01 3.925000000000000017e-02
0.000000000000000000e+00 -1.424164999999999992e+01 4.050000000000000128e-02
0.000000000000000000e+00 -1.403325000000000067e+01 3.905000000000000138e-02
0.000000000000000000e+00 -1.384145000000000003e+01 4.000000000000000083e-02
0.000000000000000000e+00 -1.364034999999999975e+01 4.024999999999999412e-02
0.000000000000000000e+00 -1.343400000000000105e+01 3.869999999999999829e-02
0.000000000000000000e+00 -1.324009999999999998e+01 3.874999999999999972e-02
0.000000000000000000e+00 -1.303754999999999953e+01 4.019999999999999962e-02
0.000000000000000000e+00 -1.284474999999999945e+01 3.855000000000000093e-02
0.000000000000000000e+00 -1.263439999999999941e+01 3.824999999999999928e-02
0.000000000000000000e+00 -1.244089999999999918e+01 3.755000000000000004e-02
0.000000000000000000e+00 -1.224139999999999873e+01 3.919999999999999873e-02
0.000000000000000000e+00 -1.203069999999999951e+01 3.799999999999999906e-02
0.000000000000000000e+00 -1.184244999999999948e+01 4.044999999999999984e-02
0.000000000000000000e+00 -1.163615000000000066e+01 3.930000000000000160e-02
0.000000000000000000e+00 -1.144180000000000064e+01 3.769999999999999740e-02
0.000000000000000000e+00 -1.123665000000000092e+01 3.975000000000000061e-02
0.000000000000000000e+00 -1.104134999999999955e+01 4.145000000000000073e-02
0.000000000000000000e+00 -1.084319999999999951e+01 3.874999999999999972e-02
0.000000000000000000e+00 -1.063339999999999996e+01 4.205000000000000404e-02
0.000000000000000000e+00 -1.044229999999999947e+01 4.089999999999999886e-02
0.000000000000000000e+00 -1.023894999999999911e+01 4.134999999999999787e-02
0.000000000000000000e+00 -1.003725000000000023e+01 4.059999999999999720e-02
0.000000000000000000e+00 -9.839199999999999946e+00 4.295000000000000207e-02
0.000000000000000000e+00 -9.637750000000000483e+00 4.105000000000000315e-02
0.000000000000000000e+00 -9.441849999999998744e+00 4.439999999999999503e-02
0.000000000000000000e+00 -9.231950000000001211e+00 4.889999999999999902e-02
0.000000000000000000e+00 -9.041349999999999554e+00 5.340000000000000302e-02
0.000000000000000000e+00 -8.841899999999998983e+00 6.049999999999999822e-02
0.000000000000000000e+00 -8.633050000000000779e+00 6.684999999999999276e-02
0.000000000000000000e+00 -8.442849999999999966e+00 7.635000000000000120e-02
0.000000000000000000e+00 -8.236399999999999721e+00 8.774999999999999467e-02
0.000000000000000000e+00 -8.042049999999999699e+00 9.625000000000000222e-02
0.000000000000000000e+00 -7.833199999999999719e+00 1.120000000000000023e-01
0.000000000000000000e+00 -7.640600000000000058e+00 1.277500000000000024e-01
0.000000000000000000e+00 -7.442650000000000432e+00 1.537000000000000033e-01
0.000000000000000000e+00 -7.229599999999999582e+00 1.637500000000000067e-01
0.000000000000000000e+00 -7.043750000000000178e+00 1.791999999999999982e-01
0.000000000000000000e+00 -6.838350000000000151e+00 2.006499999999999950e-01
0.000000000000000000e+00 -6.640900000000000247e+00 2.175499999999999934e-01
0.000000000000000000e+00 -6.436450000000000671e+00 2.399999999999999911e-01
0.000000000000000000e+00 -6.238850000000000229e+00 2.619000000000000217e-01
0.000000000000000000e+00 -6.042500000000000426e+00 2.753999999999999782e-01
0.000000000000000000e+00 -5.832200000000000273e+00 3.039000000000000035e-01
0.000000000000000000e+00 -5.643299999999999983e+00 3.487999999999999989e-01
0.000000000000000000e+00 -5.438449999999999562e+00 3.840999999999999970e-01
0.000000000000000000e+00 -5.236299999999999955e+00 4.242500000000000160e-01
0.000000000000000000e+00 -5.038050000000000139e+00 4.780999999999999694e-01
0.000000000000000000e+00 -4.838749999999999218e+00 5.284999999999999698e-01
0.000000000000000000e+00 -4.642949999999999910e+00 6.000499999999999723e-01
0.000000000000000000e+00 -4.434450000000000003e+00 6.831499999999999240e-01
0.000000000000000000e+00 -4.242099999999999760e+00 7.422499999999999654e-01
0.000000000000000000e+00 -4.042349999999999888e+00 8.479499999999999815e-01
0.000000000000000000e+00 -3.831550000000000011e+00 9.183999999999999941e-01
0.000000000000000000e+00 -3.642300000000000093e+00 9.724999999999999201e-01
0.000000000000000000e+00 -3.436900000000000066e+00 1.080699999999999994e+00
0.000000000000000000e+00 -3.240549999999999820e+00 1.135550000000000059e+00
0.000000000000000000e+00 -3.036100000000000243e+00 1.179349999999999898e+00
0.000000000000000000e+00 -2.838449999999999918e+00 1.296200000000000019e+00
0.000000000000000000e+00 -2.642599999999999838e+00 1.362049999999999983e+00
0.000000000000000000e+00 -2.430900000000000283e+00 1.429450000000000109e+00
0.000000000000000000e+00 -2.243299999999999628e+00 1.510450000000000070e+00
0.000000000000000000e+00 -2.037250000000000227e+00 1.560000000000000053e+00
0.000000000000000000e+00 -1.841349999999999820e+00 1.633249999999999869e+00
0.000000000000000000e+00 -1.637750000000000039e+00 1.679250000000000131e+00
0.000000000000000000e+00 -1.438549999999999995e+00 1.737200000000000077e+00
0.000000000000000000e+00 -1.243200000000000083e+00 1.770350000000000090e+00
0.000000000000000000e+00 -1.028950000000000031e+00 1.843599999999999905e+00
0.000000000000000000e+00 -8.425500000000000211e-01 1.851799999999999891e+00
0.000000000000000000e+00 -6.381000000000000005e-01 1.915049999999999919e+00
0.000000000000000000e+00 -4.382000000000000339e-01 1.899850000000000039e+00
0.000000000000000000e+00 -2.400499999999999856e-01 1.946299999999999919e+00
0.000000000000000000e+00 -3.910000000000000281e-02 1.934600000000000097e+00
0.000000000000000000e+00 1.579000000000000126e-01 1.956550000000000011e+00
0.000000000000000000e+00 3.669499999999999984e-01 1.950250000000000039e+00
0.000000000000000000e+00 5.587999999999999634e-01 1.927999999999999936e+00
0.000000000000000000e+00 7.598000000000000309e-01 1.918150000000000022e+00
0.000000000000000000e+00 9.683500000000000441e-01 1.869800000000000129e+00
0.000000000000000000e+00 1.159100000000000019e+00 1.842849999999999877e+00
0.000000000000000000e+00 1.362600000000000033e+00 1.815350000000000019e+00
0.000000000000000000e+00 1.559099999999999930e+00 1.754150000000000098e+00
0.000000000000000000e+00 1.764499999999999957e+00 1.733200000000000074e+00
0.000000000000000000e+00 1.961200000000000054e+00 1.726949999999999985e+00
0.000000000000000000e+00 2.157149999999999679e+00 1.688099999999999934e+00
0.000000000000000000e+00 2.369650000000000034e+00 1.668600000000000083e+00
0.000000000000000000e+00 2.556149999999999700e+00 1.637049999999999894e+00
0.000000000000000000e+00 2.761899999999999800e+00 1.590899999999999981e+00
0.000000000000000000e+00 2.961949999999999861e+00 1.535800000000000054e+00
0.000000000000000000e+00 3.163249999999999673e+00 1.477349999999999941e+00
0.000000000000000000e+00 3.361499999999999932e+00 1.431200000000000028e+00
0.000000000000000000e+00 3.556300000000000239e+00 1.391350000000000087e+00
0.000000000000000000e+00 3.767999999999999794e+00 1.329099999999999948e+00
0.000000000000000000e+00 3.956749999999999989e+00 1.244400000000000173e+00
0.000000000000000000e+00 4.160500000000000753e+00 1.152499999999999858e+00
0.000000000000000000e+00 4.364649999999999253e+00 1.110049999999999981e+00
0.000000000000000000e+00 4.559800000000000075e+00 9.800500000000000878e-01
0.000000000000000000e+00 4.762249999999999872e+00 9.135499999999999732e-01
0.000000000000000000e+00 4.957699999999999996e+00 8.018000000000000682e-01
0.000000000000000000e+00 5.166249999999999787e+00 7.460999999999999854e-01
0.000000000000000000e+00 5.358449999999999491e+00 6.838999999999999524e-01
0.000000000000000000e+00 5.559549999999999770e+00 6.410000000000000142e-01
0.000000000000000000e+00 5.766949999999999577e+00 6.160999999999999810e-01
0.000000000000000000e+00 5.959150000000000169e+00 5.763000000000000345e-01
0.000000000000000000e+00 6.161550000000000082e+00 5.514499999999999957e-01
0.000000000000000000e+00 6.359500000000000597e+00 5.191999999999999948e-01
0.000000000000000000e+00 6.562250000000000583e+00 4.839499999999999913e-01
0.000000000000000000e+00 6.760849999999999582e+00 4.613000000000000433e-01
0.000000000000000000e+00 6.956450000000000244e+00 4.160000000000000364e-01
0.000000000000000000e+00 7.170099999999999696e+00 3.874000000000000221e-01
0.000000000000000000e+00 7.357949999999999768e+00 3.578500000000000014e-01
0.000000000000000000e+00 7.561949999999999505e+00 3.160499999999999976e-01
0.000000000000000000e+00 7.763099999999999667e+00 2.770500000000000185e-01
0.000000000000000000e+00 7.960399999999999920e+00 2.477500000000000258e-01
0.000000000000000000e+00 8.162699999999999179e+00 2.157499999999999973e-01
0.000000000000000000e+00 8.356449999999998823e+00 1.921999999999999820e-01
0.000000000000000000e+00 8.569100000000000605e+00 1.754999999999999893e-01
0.000000000000000000e+00 8.757249999999999091e+00 1.537000000000000033e-01
0.000000000000000000e+00 8.960250000000000270e+00 1.400000000000000133e-01
0.000000000000000000e+00 9.164749999999999730e+00 1.296999999999999820e-01
0.000000000000000000e+00 9.358699999999998909e+00 1.171000000000000096e-01
0.000000000000000000e+00 9.563500000000001222e+00 1.007500000000000062e-01
0.000000000000000000e+00 9.757449999999998624e+00 8.824999999999999512e-02
0.000000000000000000e+00 9.967200000000000060e+00 8.490000000000000324e-02
0.000000000000000000e+00 1.015810000000000102e+01 8.169999999999999485e-02
0.000000000000000000e+00 1.035930000000000106e+01 7.359999999999999876e-02
0.000000000000000000e+00 1.056804999999999950e+01 6.865000000000000269e-02
0.000000000000000000e+00 1.075734999999999886e+01 6.450000000000000178e-02
0.000000000000000000e+00 1.096110000000000007e+01 6.010000000000000064e-02
0.000000000000000000e+00 1.115939999999999976e+01 5.780000000000000415e-02
0.000000000000000000e+00 1.136425000000000018e+01 5.254999999999999949e-02
0.000000000000000000e+00 1.156040000000000134e+01 5.190000000000000169e-02
0.000000000000000000e+00 1.175764999999999993e+01 4.885000000000000453e-02
0.000000000000000000e+00 1.196860000000000035e+01 4.789999999999999813e-02
0.000000000000000000e+00 1.215814999999999912e+01 4.570000000000000451e-02
0.000000000000000000e+00 1.236070000000000135e+01 4.714999999999999747e-02
0.000000000000000000e+00 1.256384999999999863e+01 4.174999999999999545e-02
0.000000000000000000e+00 1.276130000000000031e+01 4.349999999999999700e-02
0.000000000000000000e+00 1.296215000000000117e+01 4.145000000000000073e-02
0.000000000000000000e+00 1.315620000000000012e+01 3.865000000000000380e-02
0.000000000000000000e+00 1.336829999999999963e+01 3.849999999999999950e-02
0.000000000000000000e+00 1.355654999999999966e+01 4.149999999999999523e-02
0.000000000000000000e+00 1.375980000000000025e+01 3.944999999999999896e-02
0.000000000000000000e+00 1.396584999999999965e+01 4.105000000000000315e-02
0.000000000000000000e+00 1.415974999999999895e+01 4.114999999999999908e-02
0.000000000000000000e+00 1.436410000000000053e+01 3.874999999999999972e-02
0.000000000000000000e+00 1.455860000000000021e+01 3.994999999999999940e-02
0.000000000000000000e+00 1.476695000000000135e+01 3.944999999999999896e-02
