0.000000000000000000e+00 -1.975519999999999854e+01 4.870000000000000023e-02
0.000000000000000000e+00 -1.956964999999999932e+01 4.904999999999999638e-02
0.000000000000000000e+00 -1.935759999999999792e+01 5.004999999999999727e-02
0.000000000000000000e+00 -1.916580000000000084e+01 5.010000000000000564e-02
0.000000000000000000e+00 -1.895980000000000132e+01 4.934999999999999803e-02
0.000000000000000000e+00 -1.877085000000000292e+01 4.975000000000000255e-02
0.000000000000000000e+00 -1.856349999999999767e+01 5.120000000000000245e-02
0.000000000000000000e+00 -1.835519999999999996e+01 5.134999999999999981e-02
0.000000000000000000e+00 -1.817310000000000159e+01 5.304999999999999993e-02
0.000000000000000000e+00 -1.795609999999999928e+01 5.435000000000000248e-02
0.000000000000000000e+00 -1.776095000000000113e+01 5.500000000000000028e-02
0.000000000000000000e+00 -1.756315000000000026e+01 5.580000000000000238e-02
0.000000000000000000e+00 -1.736159999999999926e+01 6.049999999999999822e-02
0.000000000000000000e+00 -1.716644999999999754e+01 6.149999999999999911e-02
0.000000000000000000e+00 -1.695479999999999876e+01 6.859999999999999432e-02
0.000000000000000000e+00 -1.677189999999999870e+01 6.994999999999999829e-02
0.000000000000000000e+00 -1.655884999999999962e+01 7.384999999999999898e-02
0.000000000000000000e+00 -1.635584999999999667e+01 7.980000000000000981e-02
0.000000000000000000e+00 -1.616469999999999985e+01 8.229999999999999816e-02
0.000000000000000000e+00 -1.595615000000000094e+01 8.924999999999999600e-02
0.000000000000000000e+00 -1.576480000000000103e+01 9.454999999999999516e-02
0.000000000000000000e+00 -1.555405000000000015e+01 1.089499999999999913e-01
0.000000000000000000e+00 -1.537224999999999930e+01 1.158000000000000002e-01
0.000000000000000000e+00 -1.515954999999999941e+01 1.220499999999999918e-01
0.000000000000000000e+00 -1.495820000000000149e+01 1.323000000000000009e-01
0.000000000000000000e+00 -1.477084999999999937e+01 1.387499999999999845e-01
0.000000000000000000e+00 -1.455584999999999951e+01 1.456999999999999962e-01
0.000000000000000000e+00 -1.436694999999999922e+01 1.487499999999999933e-01
0.000000000000000000e+00 -1.415735000000000099e+01 1.597999999999999976e-01
0.000000000000000000e+00 -1.396710000000000029e+01 1.756000000000000061e-01
0.000000000000000000e+00 -1.376290000000000013e+01 1.918500000000000205e-01
0.000000000000000000e+00 -1.355294999999999916e+01 2.018500000000000016e-01
0.000000000000000000e+00 -1.337324999999999875e+01 2.272500000000000075e-01
0.000000000000000000e+00 -1.315810000000000102e+01 2.521499999999999853e-01
0.000000000000000000e+00 -1.296164999999999878e+01 2.664999999999999591e-01
0.000000000000000000e+00 -1.276174999999999926e+01 2.944499999999999895e-01
0.000000000000000000e+00 -1.256070000000000064e+01 3.213000000000000300e-01
0.000000000000000000e+00 -1.236340000000000039e+01 3.425500000000000211e-01
0.000000000000000000e+00 -1.215510000000000090e+01 3.854000000000000203e-01
0.000000000000000000e+00 -1.197125000000000128e+01 4.036499999999999533e-01
0.000000000000000000e+00 -1.175789999999999935e+01 4.561000000000000054e-01
0.000000000000000000e+00 -1.155680000000000085e+01 4.864499999999999935e-01
0.000000000000000000e+00 -1.136769999999999925e+01 5.662000000000000366e-01
0.000000000000000000e+00 -1.115479999999999983e+01 6.212499999999999689e-01
0.000000000000000000e+00 -1.096579999999999977e+01 6.727499999999999591e-01
0.000000000000000000e+00 -1.075810000000000066e+01 7.464999999999999414e-01
0.000000000000000000e+00 -1.057434999999999903e+01 7.958499999999999464e-01
0.000000000000000000e+00 -1.036155000000000115e+01 8.662499999999999645e-01
0.000000000000000000e+00 -1.015479999999999983e+01 9.319500000000000561e-01
0.000000000000000000e+00 -9.974099999999999966e+00 1.074549999999999894e+00
0.000000000000000000e+00 -9.754249999999998977e+00 1.175400000000000000e+00
0.000000000000000000e+00 -9.564799999999999969e+00 1.262199999999999989e+00
0.000000000000000000e+00 -9.360299999999998732e+00 1.374649999999999928e+00
0.000000000000000000e+00 -9.166699999999998738e+00 1.500850000000000017e+00
0.000000000000000000e+00 -8.960599999999999454e+00 1.620099999999999874e+00
0.000000000000000000e+00 -8.753849999999999909e+00 1.727199999999999847e+00
0.000000000000000000e+00 -8.574199999999999378e+00 1.813350000000000017e+00
0.000000000000000000e+00 -8.356950000000001211e+00 1.912700000000000067e+00
0.000000000000000000e+00 -8.161799999999999500e+00 1.976499999999999924e+00
0.000000000000000000e+00 -7.962550000000000239e+00 2.044849999999999834e+00
0.000000000000000000e+00 -7.760149999999999437e+00 2.079450000000000021e+00
0.000000000000000000e+00 -7.561650000000000205e+00 2.114749999999999908e+00
0.000000000000000000e+00 -7.353749999999999787e+00 2.133799999999999919e+00
0.000000000000000000e+00 -7.167650000000000077e+00 2.133799999999999919e+00
0.000000000000000000e+00 -6.959600000000000009e+00 2.144549999999999734e+00
0.000000000000000000e+00 -6.755649999999999267e+00 2.122049999999999770e+00
0.000000000000000000e+00 -6.570949999999999847e+00 2.087050000000000072e+00
0.000000000000000000e+00 -6.357350000000000279e+00 2.041249999999999787e+00
0.000000000000000000e+00 -6.166800000000000281e+00 2.027499999999999858e+00
0.000000000000000000e+00 -5.957549999999999457e+00 1.946250000000000036e+00
0.000000000000000000e+00 -5.768499999999999517e+00 1.909000000000000030e+00
0.000000000000000000e+00 -5.561749999999999972e+00 1.915049999999999919e+00
0.000000000000000000e+00 -5.353799999999999670e+00 1.864149999999999974e+00
0.000000000000000000e+00 -5.169750000000000512e+00 1.844999999999999973e+00
0.000000000000000000e+00 -4.953899999999999970e+00 1.797549999999999981e+00
0.000000000000000000e+00 -4.763949999999999463e+00 1.765550000000000175e+00
0.000000000000000000e+00 -4.558400000000000674e+00 1.734350000000000058e+00
0.000000000000000000e+00 -4.364399999999999835e+00 1.704550000000000010e+00
0.000000000000000000e+00 -4.164099999999999469e+00 1.637100000000000000e+00
0.000000000000000000e+00 -3.955249999999999932e+00 1.605949999999999989e+00
0.000000000000000000e+00 -3.776299999999999990e+00 1.548649999999999860e+00
0.000000000000000000e+00 -3.555799999999999628e+00 1.496399999999999952e+00
0.000000000000000000e+00 -3.360450000000000159e+00 1.444199999999999928e+00
0.000000000000000000e+00 -3.161450000000000315e+00 1.403150000000000119e+00
0.000000000000000000e+00 -2.959100000000000286e+00 1.312899999999999956e+00
0.000000000000000000e+00 -2.763700000000000045e+00 1.285600000000000076e+00
0.000000000000000000e+00 -2.555699999999999861e+00 1.196450000000000014e+00
0.000000000000000000e+00 -2.374049999999999994e+00 1.185350000000000126e+00
0.000000000000000000e+00 -2.160400000000000098e+00 1.128400000000000070e+00
0.000000000000000000e+00 -1.958199999999999941e+00 1.021150000000000002e+00
0.000000000000000000e+00 -1.766399999999999970e+00 1.010099999999999998e+00
0.000000000000000000e+00 -1.558000000000000052e+00 9.440999999999999392e-01
0.000000000000000000e+00 -1.363849999999999785e+00 9.048499999999999321e-01
0.000000000000000000e+00 -1.158449999999999980e+00 8.080000000000000515e-01
0.000000000000000000e+00 -9.665500000000000203e-01 7.737000000000000544e-01
0.000000000000000000e+00 -7.608500000000000263e-01 7.055000000000000160e-01
0.000000000000000000e+00 -5.528500000000000636e-01 7.023500000000000298e-01
0.000000000000000000e+00 -3.702999999999999625e-01 6.424000000000000821e-01
0.000000000000000000e+00 -1.541000000000000147e-01 6.270999999999999908e-01
0.000000000000000000e+00 3.414999999999999980e-02 5.831500000000000572e-01
0.000000000000000000e+00 2.379000000000000004e-01 5.218500000000000361e-01
0.000000000000000000e+00 4.333000000000000185e-01 5.073000000000000842e-01
0.000000000000000000e+00 6.352999999999999758e-01 4.997499999999999720e-01
0.000000000000000000e+00 8.477000000000000091e-01 4.388999999999999568e-01
0.000000000000000000e+00 1.026100000000000012e+00 4.186999999999999611e-01
0.000000000000000000e+00 1.247650000000000148e+00 3.946500000000000008e-01
0.000000000000000000e+00 1.437450000000000117e+00 4.020000000000000240e-01
0.000000000000000000e+00 1.634749999999999925e+00 3.634000000000000008e-01
0.000000000000000000e+00 1.840899999999999981e+00 3.337499999999999911e-01
0.000000000000000000e+00 2.036200000000000010e+00 3.133500000000000174e-01
0.000000000000000000e+00 2.243199999999999861e+00 2.843999999999999861e-01
0.000000000000000000e+00 2.426499999999999879e+00 2.716999999999999971e-01
0.000000000000000000e+00 2.640249999999999986e+00 2.549000000000000155e-01
0.000000000000000000e+00 2.842299999999999827e+00 2.551999999999999824e-01
0.000000000000000000e+00 3.035149999999999793e+00 2.383000000000000118e-01
0.000000000000000000e+00 3.242550000000000043e+00 2.261500000000000177e-01
0.000000000000000000e+00 3.438849999999999962e+00 2.166000000000000147e-01
0.000000000000000000e+00 3.641500000000000181e+00 2.046499999999999986e-01
0.000000000000000000e+00 3.835949999999999971e+00 1.978000000000000036e-01
0.000000000000000000e+00 4.036649999999999849e+00 1.878500000000000170e-01
0.000000000000000000e+00 4.249200000000000088e+00 1.732499999999999873e-01
0.000000000000000000e+00 4.424900000000000055e+00 1.669999999999999818e-01
0.000000000000000000e+00 4.643599999999999284e+00 1.590499999999999969e-01
0.000000000000000000e+00 4.835600000000000342e+00 1.502499999999999947e-01
0.000000000000000000e+00 5.035849999999999937e+00 1.446500000000000008e-01
0.000000000000000000e+00 5.242200000000000415e+00 1.444499999999999951e-01
0.000000000000000000e+00 5.435950000000000060e+00 1.369500000000000162e-01
0.000000000000000000e+00 5.647949999999999804e+00 1.295499999999999985e-01
0.000000000000000000e+00 5.824099999999999611e+00 1.272999999999999965e-01
0.000000000000000000e+00 6.043149999999999800e+00 1.207000000000000017e-01
0.000000000000000000e+00 6.239549999999999486e+00 1.123500000000000054e-01
0.000000000000000000e+00 6.435200000000000031e+00 1.065500000000000058e-01
0.000000000000000000e+00 6.641149999999999665e+00 1.006999999999999978e-01
0.000000000000000000e+00 6.834749999999999659e+00 1.035000000000000087e-01
0.000000000000000000e+00 7.045049999999999812e+00 9.395000000000000573e-02
0.000000000000000000e+00 7.224000000000000199e+00 9.034999999999999976e-02
0.000000000000000000e+00 7.441649999999999210e+00 8.215000000000000080e-02
0.000000000000000000e+00 7.643299999999999983e+00 7.814999999999999725e-02
0.000000000000000000e+00 7.833499999999999908e+00 7.200000000000000844e-02
0.000000000000000000e+00 8.044399999999999551e+00 6.854999999999999982e-02
0.000000000000000000e+00 8.236599999999999255e+00 6.514999999999999958e-02
0.000000000000000000e+00 8.441100000000000492e+00 6.214999999999999691e-02
0.000000000000000000e+00 8.634800000000000253e+00 6.135000000000000175e-02
0.000000000000000000e+00 8.839400000000001256e+00 5.674999999999999489e-02
0.000000000000000000e+00 9.045849999999999724e+00 5.394999999999999796e-02
0.000000000000000000e+00 9.228750000000001563e+00 5.154999999999999860e-02
0.000000000000000000e+00 9.442149999999999821e+00 4.914999999999999925e-02
0.000000000000000000e+00 9.637449999999999406e+00 4.889999999999999902e-02
0.000000000000000000e+00 9.837299999999999045e+00 4.470000000000000362e-02
0.000000000000000000e+00 1.004105000000000025e+01 4.524999999999999856e-02
0.000000000000000000e+00 1.023629999999999995e+01 4.510000000000000120e-02
0.000000000000000000e+00 1.044565000000000055e+01 4.320000000000000229e-02
0.000000000000000000e+00 1.062480000000000047e+01 4.240000000000000019e-02
0.000000000000000000e+00 1.084339999999999904e+01 4.105000000000000315e-02
0.000000000000000000e+00 1.103780000000000072e+01 4.125000000000000194e-02
0.000000000000000000e+00 1.123339999999999961e+01 4.209999999999999853e-02
0.000000000000000000e+00 1.144040000000000035e+01 4.155000000000000360e-02
0.000000000000000000e+00 1.163674999999999926e+01 4.224999999999999589e-02
0.000000000000000000e+00 1.184830000000000005e+01 4.249999999999999611e-02
0.000000000000000000e+00 1.202730000000000032e+01 4.044999999999999984e-02
0.000000000000000000e+00 1.224210000000000065e+01 4.000000000000000083e-02
0.000000000000000000e+00 1.244405000000000072e+01 4.139999999999999930e-02
0.000000000000000000e+00 1.263054999999999950e+01 3.965000000000000469e-02
0.000000000000000000e+00 1.284409999999999918e+01 3.805000000000000049e-02
0.000000000000000000e+00 1.303880000000000017e+01 4.055000000000000271e-02
0.000000000000000000e+00 1.323985000000000056e+01 4.009999999999999676e-02
0.000000000000000000e+00 1.343495000000000061e+01 4.009999999999999676e-02
0.000000000000000000e+00 1.363705000000000034e+01 4.224999999999999589e-02
0.000000000000000000e+00 1.384420000000000073e+01 4.084999999999999742e-02
0.000000000000000000e+00 1.402915000000000134e+01 4.070000000000000007e-02
0.000000000000000000e+00 1.424295000000000044e+01 4.109999999999999765e-02
0.000000000000000000e+00 1.444079999999999941e+01 4.074999999999999456e-02
0.000000000000000000e+00 1.463609999999999900e+01 4.174999999999999545e-02
0.000000000000000000e+00 1.484234999999999971e+01 4.065000000000000557e-02
0.000000000000000000e+00 1.503250000000000064e+01 4.120000000000000051e-02
0.000000000000000000e+00 1.524735000000000085e+01 4.105000000000000315e-02
0.000000000000000000e+00 1.542295000000000016e+01 4.005000000000000226e-02
0.000000000000000000e+00 1.564044999999999952e+01 3.955000000000000182e-02
0.000000000000000000e+00 1.584249999999999936e+01 3.955000000000000182e-02
0.000000000000000000e+00 1.603160000000000096e+01 4.095000000000000029e-02
0.000000000000000000e+00 1.624640000000000128e+01 3.950000000000000039e-02
0.000000000000000000e+00 1.643399999999999750e+01 4.145000000000000073e-02
0.000000000000000000e+00 1.664470000000000027e+01 4.030000000000000249e-02
0.000000000000000000e+00 1.682894999999999897e+01 4.379999999999999866e-02
0.000000000000000000e+00 1.704305000000000092e+01 4.170000000000000095e-02
0.000000000000000000e+00 1.724365000000000236e+01 4.255000000000000449e-02
0.000000000000000000e+00 1.742830000000000013e+01 4.164999999999999952e-02
0.000000000000000000e+00 1.764305000000000234e+01 4.240000000000000019e-02
0.000000000000000000e+00 1.783435000000000059e+01 4.070000000000000007e-02
0.000000000000000000e+00 1.803960000000000008e+01 4.120000000000000051e-02
0.000000000000000000e+00 1.823154999999999859e+01 4.209999999999999853e-02
0.000000000000000000e+00 1.843890000000000029e+01 4.159999999999999809e-02
0.000000000000000000e+00 1.864529999999999887e+01 4.090000000000000580e-02
0.000000000000000000e+00 1.882840000000000202e+01 4.304999999999999799e-02
0.000000000000000000e+00 1.904234999999999900e+01 4.130000000000000338e-02
0.000000000000000000e+00 1.924320000000000164e+01 4.270000000000000184e-02
0.000000000000000000e+00 1.943350000000000222e+01 4.084999999999999742e-02
0.000000000000000000e+00 1.964410000000000167e+01 4.080000000000000293e-02
0.000000000000000000e+00 1.983510000000000062e+01 4.189999999999999974e-02
0.000000000000000000e+00 1.999625000000000341e+01 4.220000000000000140e-02
