0.000000000000000000e+00 -1.975489999999999924e+01 4.259999999999999898e-02
0.000000000000000000e+00 -1.956949999999999790e+01 4.199999999999999567e-02
0.000000000000000000e+00 -1.935444999999999993e+01 4.099999999999999478e-02
0.000000000000000000e+00 -1.916610000000000014e+01 4.145000000000000073e-02
0.000000000000000000e+00 -1.895779999999999887e+01 4.315000000000000085e-02
0.000000000000000000e+00 -1.877019999999999911e+01 4.359999999999999987e-02
0.000000000000000000e+00 -1.856264999999999787e+01 4.270000000000000184e-02
0.000000000000000000e+00 -1.835454999999999970e+01 4.095000000000000029e-02
0.000000000000000000e+00 -1.817344999999999899e+01 4.214999999999999997e-02
0.000000000000000000e+00 -1.795544999999999902e+01 4.059999999999999720e-02
0.000000000000000000e+00 -1.775929999999999964e+01 4.130000000000000338e-02
0.000000000000000000e+00 -1.756320000000000192e+01 4.159999999999999809e-02
0.000000000000000000e+00 -1.736175000000000068e+01 4.125000000000000194e-02
0.000000000000000000e+00 -1.716610000000000014e+01 4.089999999999999886e-02
0.000000000000000000e+00 -1.695420000000000016e+01 4.224999999999999589e-02
0.000000000000000000e+00 -1.677134999999999820e+01 4.265000000000000041e-02
0.000000000000000000e+00 -1.655854999999999677e+01 4.044999999999999984e-02
0.000000000000000000e+00 -1.635580000000000211e+01 4.189999999999999974e-02
0.000000000000000000e+00 -1.616479999999999961e+01 4.105000000000000315e-02
0.000000000000000000e+00 -1.595459999999999923e+01 4.159999999999999809e-02
0.000000000000000000e+00 -1.576340000000000074e+01 4.404999999999999888e-02
0.000000000000000000e+00 -1.555480000000000018e+01 4.230000000000000426e-02
0.000000000000000000e+00 -1.537089999999999890e+01 4.345000000000000251e-02
0.000000000000000000e+00 -1.515879999999999939e+01 4.199999999999999567e-02
0.000000000000000000e+00 -1.495765000000000100e+01 4.279999999999999777e-02
0.000000000000000000e+00 -1.477084999999999937e+01 4.309999999999999942e-02
0.000000000000000000e+00 -1.455454999999999899e+01 4.109999999999999765e-02
0.000000000000000000e+00 -1.436560000000000059e+01 4.170000000000000095e-02
0.000000000000000000e+00 -1.415680000000000049e+01 4.099999999999999478e-02
0.000000000000000000e+00 -1.396685000000000088e+01 3.955000000000000182e-02
0.000000000000000000e+00 -1.376270000000000060e+01 4.034999999999999698e-02
0.000000000000000000e+00 -1.355349999999999966e+01 4.189999999999999974e-02
0.000000000000000000e+00 -1.337409999999999854e+01 4.290000000000000063e-02
0.000000000000000000e+00 -1.315920000000000023e+01 4.205000000000000404e-02
0.000000000000000000e+00 -1.296025000000000027e+01 4.199999999999999567e-02
0.000000000000000000e+00 -1.276249999999999929e+01 4.370000000000000273e-02
0.000000000000000000e+00 -1.255819999999999936e+01 4.115000000000000602e-02
0.000000000000000000e+00 -1.236165000000000092e+01 4.174999999999999545e-02
0.000000000000000000e+00 -1.215435000000000088e+01 4.084999999999999742e-02
0.000000000000000000e+00 -1.197034999999999982e+01 4.249999999999999611e-02
0.000000000000000000e+00 -1.175799999999999912e+01 4.109999999999999765e-02
0.000000000000000000e+00 -1.155594999999999928e+01 4.039999999999999841e-02
0.000000000000000000e+00 -1.136664999999999992e+01 4.159999999999999809e-02
0.000000000000000000e+00 -1.115320000000000000e+01 4.034999999999999698e-02
0.000000000000000000e+00 -1.096560000000000024e+01 4.159999999999999809e-02
0.000000000000000000e+00 -1.075554999999999950e+01 4.349999999999999700e-02
0.000000000000000000e+00 -1.057525000000000048e+01 4.234999999999999876e-02
0.000000000000000000e+00 -1.036080000000000112e+01 4.189999999999999974e-02
0.000000000000000000e+00 -1.015409999999999968e+01 4.655000000000000110e-02
0.000000000000000000e+00 -9.971999999999999531e+00 5.084999999999999937e-02
0.000000000000000000e+00 -9.754049999999999443e+00 6.230000000000000121e-02
0.000000000000000000e+00 -9.564750000000000085e+00 9.720000000000000862e-02
0.000000000000000000e+00 -9.360450000000000159e+00 1.517999999999999905e-01
0.000000000000000000e+00 -9.166499999999999204e+00 2.269999999999999796e-01
0.000000000000000000e+00 -8.961249999999999716e+00 3.733999999999999542e-01
0.000000000000000000e+00 -8.752850000000000463e+00 5.472500000000000142e-01
0.000000000000000000e+00 -8.574099999999999611e+00 7.401999999999999691e-01
0.000000000000000000e+00 -8.356549999999998590e+00 8.321499999999999453e-01
0.000000000000000000e+00 -8.161950000000000927e+00 1.101949999999999985e+00
0.000000000000000000e+00 -7.961899999999999977e+00 1.329350000000000032e+00
0.000000000000000000e+00 -7.758150000000000546e+00 1.504100000000000215e+00
0.000000000000000000e+00 -7.561249999999999361e+00 1.874550000000000161e+00
0.000000000000000000e+00 -7.353200000000000180e+00 2.318849999999999856e+00
0.000000000000000000e+00 -7.167550000000000310e+00 2.788249999999999673e+00
0.000000000000000000e+00 -6.959200000000000053e+00 3.402600000000000069e+00
0.000000000000000000e+00 -6.755499999999999616e+00 4.022199999999999775e+00
0.000000000000000000e+00 -6.569849999999999746e+00 4.402000000000000135e+00
0.000000000000000000e+00 -6.354899999999999771e+00 4.726200000000000401e+00
0.000000000000000000e+00 -6.167250000000000121e+00 5.045949999999999491e+00
0.000000000000000000e+00 -5.956649999999999778e+00 5.224099999999999966e+00
0.000000000000000000e+00 -5.766199999999999548e+00 5.370750000000000135e+00
0.000000000000000000e+00 -5.561149999999999594e+00 5.353299999999999947e+00
0.000000000000000000e+00 -5.353550000000000253e+00 5.166000000000000369e+00
0.000000000000000000e+00 -5.169450000000000323e+00 4.897299999999999542e+00
0.000000000000000000e+00 -4.955099999999999838e+00 4.836599999999999788e+00
0.000000000000000000e+00 -4.763099999999999667e+00 4.306049999999999933e+00
0.000000000000000000e+00 -4.557249999999999801e+00 3.868850000000000122e+00
0.000000000000000000e+00 -4.366749999999999687e+00 3.332050000000000178e+00
0.000000000000000000e+00 -4.163549999999999862e+00 2.882649999999999935e+00
0.000000000000000000e+00 -3.954550000000000232e+00 2.408399999999999874e+00
0.000000000000000000e+00 -3.774300000000000210e+00 2.000199999999999978e+00
0.000000000000000000e+00 -3.554549999999999876e+00 1.596000000000000085e+00
0.000000000000000000e+00 -3.359449999999999825e+00 1.294100000000000028e+00
0.000000000000000000e+00 -3.160099999999999909e+00 1.092499999999999805e+00
0.000000000000000000e+00 -2.957650000000000112e+00 8.716999999999999194e-01
0.000000000000000000e+00 -2.763650000000000162e+00 6.675499999999999767e-01
0.000000000000000000e+00 -2.555600000000000094e+00 5.290500000000000203e-01
0.000000000000000000e+00 -2.373699999999999921e+00 3.663499999999999535e-01
0.000000000000000000e+00 -2.160499999999999865e+00 2.600500000000000034e-01
0.000000000000000000e+00 -1.956849999999999978e+00 1.808000000000000163e-01
0.000000000000000000e+00 -1.766150000000000109e+00 1.193499999999999978e-01
0.000000000000000000e+00 -1.558450000000000113e+00 8.665000000000000480e-02
0.000000000000000000e+00 -1.363099999999999978e+00 6.235000000000000264e-02
0.000000000000000000e+00 -1.157599999999999962e+00 4.945000000000000090e-02
0.000000000000000000e+00 -9.679999999999999716e-01 4.120000000000000051e-02
0.000000000000000000e+00 -7.607500000000000373e-01 4.240000000000000019e-02
0.000000000000000000e+00 -5.517999999999999572e-01 3.994999999999999940e-02
0.000000000000000000e+00 -3.723999999999999533e-01 4.259999999999999898e-02
0.000000000000000000e+00 -1.525500000000000189e-01 4.120000000000000051e-02
0.000000000000000000e+00 3.625000000000000444e-02 3.964999999999999775e-02
0.000000000000000000e+00 2.374499999999999944e-01 4.030000000000000249e-02
0.000000000000000000e+00 4.347499999999999698e-01 4.084999999999999742e-02
0.000000000000000000e+00 6.355999999999999428e-01 3.999999999999999389e-02
0.000000000000000000e+00 8.486000000000000210e-01 3.865000000000000380e-02
0.000000000000000000e+00 1.027200000000000113e+00 4.015000000000000513e-02
0.000000000000000000e+00 1.247400000000000064e+00 4.195000000000000118e-02
0.000000000000000000e+00 1.440900000000000070e+00 4.109999999999999765e-02
0.000000000000000000e+00 1.635149999999999881e+00 4.170000000000000095e-02
0.000000000000000000e+00 1.840650000000000119e+00 4.205000000000000404e-02
0.000000000000000000e+00 2.037049999999999805e+00 4.040000000000000535e-02
0.000000000000000000e+00 2.244150000000000311e+00 4.249999999999999611e-02
0.000000000000000000e+00 2.426800000000000068e+00 4.120000000000000051e-02
0.000000000000000000e+00 2.639850000000000030e+00 4.199999999999999567e-02
0.000000000000000000e+00 2.844249999999999723e+00 4.114999999999999908e-02
0.000000000000000000e+00 3.035199999999999676e+00 4.039999999999999841e-02
0.000000000000000000e+00 3.243349999999999955e+00 3.934999999999999609e-02
0.000000000000000000e+00 3.440649999999999764e+00 3.950000000000000039e-02
0.000000000000000000e+00 3.642349999999999977e+00 4.209999999999999853e-02
0.000000000000000000e+00 3.836050000000000182e+00 4.199999999999999567e-02
0.000000000000000000e+00 4.037300000000000111e+00 4.189999999999999974e-02
0.000000000000000000e+00 4.249349999999999739e+00 4.044999999999999984e-02
0.000000000000000000e+00 4.425600000000000200e+00 4.124999999999999500e-02
0.000000000000000000e+00 4.644899999999999807e+00 4.420000000000000318e-02
0.000000000000000000e+00 4.835449999999999804e+00 4.050000000000000128e-02
0.000000000000000000e+00 5.037200000000000344e+00 4.230000000000000426e-02
0.000000000000000000e+00 5.244199999999999307e+00 4.155000000000000360e-02
0.000000000000000000e+00 5.435599999999999987e+00 4.059999999999999720e-02
0.000000000000000000e+00 5.649150000000000560e+00 4.339999999999999414e-02
0.000000000000000000e+00 5.824099999999999611e+00 4.240000000000000019e-02
0.000000000000000000e+00 6.043849999999999945e+00 4.139999999999999930e-02
0.000000000000000000e+00 6.239800000000000679e+00 4.070000000000000007e-02
0.000000000000000000e+00 6.435700000000000642e+00 4.340000000000000108e-02
0.000000000000000000e+00 6.640200000000000102e+00 4.415000000000000174e-02
0.000000000000000000e+00 6.833650000000000446e+00 4.140000000000000624e-02
0.000000000000000000e+00 7.045600000000000307e+00 4.209999999999999853e-02
0.000000000000000000e+00 7.222450000000000259e+00 4.170000000000000095e-02
0.000000000000000000e+00 7.442700000000000315e+00 4.184999999999999831e-02
0.000000000000000000e+00 7.644349999999999312e+00 4.544999999999999735e-02
0.000000000000000000e+00 7.834350000000000591e+00 4.139999999999999930e-02
0.000000000000000000e+00 8.045500000000000540e+00 4.324999999999999678e-02
0.000000000000000000e+00 8.237449999999999051e+00 4.274999999999999634e-02
0.000000000000000000e+00 8.442149999999999821e+00 4.284999999999999920e-02
0.000000000000000000e+00 8.636299999999998533e+00 4.055000000000000271e-02
0.000000000000000000e+00 8.839150000000000063e+00 4.279999999999999777e-02
0.000000000000000000e+00 9.047699999999998965e+00 4.230000000000000426e-02
0.000000000000000000e+00 9.227999999999999758e+00 4.189999999999999974e-02
0.000000000000000000e+00 9.443349999999998801e+00 4.209999999999999853e-02
0.000000000000000000e+00 9.640200000000000102e+00 4.184999999999999831e-02
0.000000000000000000e+00 9.839050000000000296e+00 4.124999999999999500e-02
0.000000000000000000e+00 1.004165000000000063e+01 4.140000000000000624e-02
0.000000000000000000e+00 1.023675000000000068e+01 3.934999999999999609e-02
0.000000000000000000e+00 1.044630000000000081e+01 4.140000000000000624e-02
0.000000000000000000e+00 1.062454999999999927e+01 4.130000000000000338e-02
0.000000000000000000e+00 1.084430000000000049e+01 4.120000000000000051e-02
0.000000000000000000e+00 1.103904999999999959e+01 3.980000000000000204e-02
0.000000000000000000e+00 1.123375000000000057e+01 4.139999999999999930e-02
0.000000000000000000e+00 1.144100000000000072e+01 4.125000000000000194e-02
0.000000000000000000e+00 1.163734999999999964e+01 4.155000000000000360e-02
0.000000000000000000e+00 1.184884999999999877e+01 4.280000000000000471e-02
0.000000000000000000e+00 1.203049999999999997e+01 4.265000000000000041e-02
0.000000000000000000e+00 1.224259999999999948e+01 4.249999999999999611e-02
0.000000000000000000e+00 1.244454999999999956e+01 4.304999999999999799e-02
0.000000000000000000e+00 1.263129999999999953e+01 4.385000000000000009e-02
0.000000000000000000e+00 1.284564999999999912e+01 4.574999999999999900e-02
0.000000000000000000e+00 1.303955000000000020e+01 4.380000000000000560e-02
0.000000000000000000e+00 1.324034999999999940e+01 4.290000000000000063e-02
0.000000000000000000e+00 1.343615000000000137e+01 4.305000000000000493e-02
0.000000000000000000e+00 1.363824999999999932e+01 4.259999999999999898e-02
0.000000000000000000e+00 1.384530000000000172e+01 4.230000000000000426e-02
0.000000000000000000e+00 1.403105000000000047e+01 4.295000000000000207e-02
0.000000000000000000e+00 1.424259999999999948e+01 4.114999999999999908e-02
0.000000000000000000e+00 1.444425000000000026e+01 4.379999999999999866e-02
0.000000000000000000e+00 1.463674999999999926e+01 4.044999999999999984e-02
0.000000000000000000e+00 1.484244999999999948e+01 4.175000000000000239e-02
0.000000000000000000e+00 1.503239999999999910e+01 4.180000000000000382e-02
0.000000000000000000e+00 1.524834999999999852e+01 4.199999999999999567e-02
0.000000000000000000e+00 1.542275000000000063e+01 4.225000000000000283e-02
0.000000000000000000e+00 1.564170000000000016e+01 4.259999999999999898e-02
0.000000000000000000e+00 1.584250000000000114e+01 4.404999999999999888e-02
0.000000000000000000e+00 1.603340000000000032e+01 4.159999999999999809e-02
0.000000000000000000e+00 1.624830000000000041e+01 4.109999999999999765e-02
0.000000000000000000e+00 1.643529999999999802e+01 4.109999999999999765e-02
0.000000000000000000e+00 1.664565000000000339e+01 4.115000000000000602e-02
0.000000000000000000e+00 1.682979999999999876e+01 4.240000000000000019e-02
0.000000000000000000e+00 1.704289999999999949e+01 4.075000000000000150e-02
0.000000000000000000e+00 1.724540000000000006e+01 4.100000000000000172e-02
0.000000000000000000e+00 1.743059999999999832e+01 4.155000000000000360e-02
0.000000000000000000e+00 1.764290000000000092e+01 4.295000000000000207e-02
0.000000000000000000e+00 1.783539999999999992e+01 4.165000000000000646e-02
0.000000000000000000e+00 1.804025000000000034e+01 4.214999999999999997e-02
0.000000000000000000e+00 1.823329999999999984e+01 4.214999999999999997e-02
0.000000000000000000e+00 1.844024999999999892e+01 4.209999999999999853e-02
0.000000000000000000e+00 1.864590000000000103e+01 4.105000000000000315e-02
0.000000000000000000e+00 1.882845000000000013e+01 4.234999999999999876e-02
0.000000000000000000e+00 1.904415000000000191e+01 4.080000000000000293e-02
0.000000000000000000e+00 1.924269999999999925e+01 4.100000000000000172e-02
0.000000000000000000e+00 1.943475000000000108e+01 4.064999999999999863e-02
0.000000000000000000e+00 1.964455000000000240e+01 4.009999999999999676e-02
0.000000000000000000e+00 1.983599999999999852e+01 4.095000000000000029e-02
0.000000000000000000e+00 1.999640000000000128e+01 4.155000000000000360e-02
