0.000000000000000000e+00 -1.975524999999999665e+01 4.785000000000000364e-02
0.000000000000000000e+00 -1.956954999999999956e+01 4.685000000000000275e-02
0.000000000000000000e+00 -1.935699999999999932e+01 4.975000000000000255e-02
0.000000000000000000e+00 -1.916754999999999853e+01 4.854999999999999594e-02
0.000000000000000000e+00 -1.895915000000000106e+01 4.804999999999999549e-02
0.000000000000000000e+00 -1.877045000000000030e+01 5.050000000000000322e-02
0.000000000000000000e+00 -1.856190000000000140e+01 5.169999999999999596e-02
0.000000000000000000e+00 -1.835444999999999993e+01 5.330000000000000016e-02
0.000000000000000000e+00 -1.817394999999999783e+01 5.449999999999999983e-02
0.000000000000000000e+00 -1.795660000000000167e+01 5.385000000000000203e-02
0.000000000000000000e+00 -1.775935000000000130e+01 5.745000000000000107e-02
0.000000000000000000e+00 -1.756279999999999930e+01 5.795000000000000151e-02
0.000000000000000000e+00 -1.736305000000000121e+01 6.164999999999999647e-02
0.000000000000000000e+00 -1.716474999999999795e+01 6.425000000000000155e-02
0.000000000000000000e+00 -1.695284999999999798e+01 6.659999999999999254e-02
0.000000000000000000e+00 -1.677224999999999966e+01 7.109999999999999654e-02
0.000000000000000000e+00 -1.655819999999999936e+01 7.299999999999999545e-02
0.000000000000000000e+00 -1.635620000000000118e+01 7.780000000000000804e-02
0.000000000000000000e+00 -1.616510000000000247e+01 8.265000000000000124e-02
0.000000000000000000e+00 -1.595329999999999870e+01 9.115000000000000879e-02
0.000000000000000000e+00 -1.576184999999999903e+01 9.465000000000001190e-02
0.000000000000000000e+00 -1.555405000000000015e+01 9.875000000000000444e-02
0.000000000000000000e+00 -1.537119999999999997e+01 1.049499999999999877e-01
0.000000000000000000e+00 -1.515834999999999866e+01 1.126000000000000056e-01
0.000000000000000000e+00 -1.495820000000000149e+01 1.168000000000000010e-01
0.000000000000000000e+00 -1.477159999999999940e+01 1.222499999999999976e-01
0.000000000000000000e+00 -1.455499999999999972e+01 1.312000000000000111e-01
0.000000000000000000e+00 -1.436490000000000045e+01 1.366499999999999937e-01
0.000000000000000000e+00 -1.415634999999999977e+01 1.448500000000000065e-01
0.000000000000000000e+00 -1.396635000000000026e+01 1.531500000000000083e-01
0.000000000000000000e+00 -1.376309999999999967e+01 1.637500000000000067e-01
0.000000000000000000e+00 -1.355414999999999992e+01 1.755999999999999783e-01
0.000000000000000000e+00 -1.337249999999999872e+01 1.913000000000000256e-01
0.000000000000000000e+00 -1.315915000000000035e+01 2.061999999999999944e-01
0.000000000000000000e+00 -1.295979999999999954e+01 2.205499999999999960e-01
0.000000000000000000e+00 -1.276319999999999943e+01 2.467499999999999971e-01
0.000000000000000000e+00 -1.255829999999999913e+01 2.691999999999999948e-01
0.000000000000000000e+00 -1.236274999999999835e+01 3.022000000000000242e-01
0.000000000000000000e+00 -1.215435000000000088e+01 3.212000000000000410e-01
0.000000000000000000e+00 -1.197224999999999895e+01 3.647000000000000242e-01
0.000000000000000000e+00 -1.175795000000000101e+01 4.147999999999999465e-01
0.000000000000000000e+00 -1.155515000000000114e+01 4.411999999999999811e-01
0.000000000000000000e+00 -1.136694999999999922e+01 4.887000000000000233e-01
0.000000000000000000e+00 -1.115350000000000108e+01 5.376000000000000778e-01
0.000000000000000000e+00 -1.096630000000000038e+01 5.727999999999999758e-01
0.000000000000000000e+00 -1.075574999999999903e+01 6.210999999999999854e-01
0.000000000000000000e+00 -1.057319999999999993e+01 6.837999999999999634e-01
0.000000000000000000e+00 -1.036129999999999995e+01 7.500999999999999890e-01
0.000000000000000000e+00 -1.015589999999999904e+01 8.229999999999999538e-01
0.000000000000000000e+00 -9.972249999999998948e+00 8.876500000000000501e-01
0.000000000000000000e+00 -9.752250000000000085e+00 9.763500000000000512e-01
0.000000000000000000e+00 -9.563150000000000261e+00 1.061599999999999877e+00
0.000000000000000000e+00 -9.359099999999999753e+00 1.146799999999999820e+00
0.000000000000000000e+00 -9.167099999999999582e+00 1.294000000000000039e+00
0.000000000000000000e+00 -8.961949999999999861e+00 1.376399999999999846e+00
0.000000000000000000e+00 -8.753999999999999559e+00 1.521199999999999886e+00
0.000000000000000000e+00 -8.574500000000000455e+00 1.659149999999999903e+00
0.000000000000000000e+00 -8.357700000000001239e+00 1.797149999999999803e+00
0.000000000000000000e+00 -8.162250000000000227e+00 1.917399999999999993e+00
0.000000000000000000e+00 -7.962749999999999773e+00 2.015749999999999709e+00
0.000000000000000000e+00 -7.759700000000000486e+00 2.130500000000000060e+00
0.000000000000000000e+00 -7.561899999999999622e+00 2.193299999999999805e+00
0.000000000000000000e+00 -7.354000000000000092e+00 2.248549999999999827e+00
0.000000000000000000e+00 -7.168300000000000338e+00 2.281550000000000189e+00
0.000000000000000000e+00 -6.958600000000000563e+00 2.309149999999999814e+00
0.000000000000000000e+00 -6.755800000000000693e+00 2.293350000000000222e+00
0.000000000000000000e+00 -6.570750000000000313e+00 2.300749999999999851e+00
0.000000000000000000e+00 -6.356899999999999551e+00 2.266049999999999898e+00
0.000000000000000000e+00 -6.166100000000000136e+00 2.236450000000000049e+00
0.000000000000000000e+00 -5.956999999999999851e+00 2.197300000000000253e+00
0.000000000000000000e+00 -5.767999999999999794e+00 2.168800000000000061e+00
0.000000000000000000e+00 -5.561650000000000205e+00 2.141599999999999948e+00
0.000000000000000000e+00 -5.353250000000000064e+00 2.128849999999999909e+00
0.000000000000000000e+00 -5.170500000000000540e+00 2.084200000000000053e+00
0.000000000000000000e+00 -4.954800000000000537e+00 2.043099999999999916e+00
0.000000000000000000e+00 -4.763149999999999551e+00 1.996700000000000141e+00
0.000000000000000000e+00 -4.558250000000000135e+00 1.955000000000000071e+00
0.000000000000000000e+00 -4.364850000000000563e+00 1.898899999999999810e+00
0.000000000000000000e+00 -4.162449999999999761e+00 1.839900000000000091e+00
0.000000000000000000e+00 -3.955350000000000144e+00 1.796349999999999891e+00
0.000000000000000000e+00 -3.777299999999999880e+00 1.736299999999999955e+00
0.000000000000000000e+00 -3.555299999999999905e+00 1.675599999999999978e+00
0.000000000000000000e+00 -3.359849999999999781e+00 1.621599999999999930e+00
0.000000000000000000e+00 -3.160849999999999937e+00 1.539800000000000058e+00
0.000000000000000000e+00 -2.958849999999999980e+00 1.484700000000000131e+00
0.000000000000000000e+00 -2.761949999999999683e+00 1.413950000000000040e+00
0.000000000000000000e+00 -2.556000000000000050e+00 1.372500000000000053e+00
0.000000000000000000e+00 -2.374349999999999739e+00 1.282049999999999912e+00
0.000000000000000000e+00 -2.160199999999999676e+00 1.206550000000000011e+00
0.000000000000000000e+00 -1.957699999999999996e+00 1.094100000000000072e+00
0.000000000000000000e+00 -1.767800000000000038e+00 1.067450000000000010e+00
0.000000000000000000e+00 -1.558300000000000018e+00 9.875499999999999279e-01
0.000000000000000000e+00 -1.362999999999999989e+00 9.343500000000000139e-01
0.000000000000000000e+00 -1.158049999999999802e+00 8.934499999999999664e-01
0.000000000000000000e+00 -9.692000000000000615e-01 8.090999999999999304e-01
0.000000000000000000e+00 -7.593499999999999694e-01 7.604999999999999538e-01
0.000000000000000000e+00 -5.521500000000000297e-01 7.102999999999999314e-01
0.000000000000000000e+00 -3.725499999999999923e-01 6.745999999999999774e-01
0.000000000000000000e+00 -1.530500000000000194e-01 6.499000000000000332e-01
0.000000000000000000e+00 3.470000000000000168e-02 5.889999999999999680e-01
0.000000000000000000e+00 2.372500000000000164e-01 5.534999999999999920e-01
0.000000000000000000e+00 4.351499999999999813e-01 5.086500000000000465e-01
0.000000000000000000e+00 6.367000000000000437e-01 4.939999999999999947e-01
0.000000000000000000e+00 8.483000000000000540e-01 4.473500000000000254e-01
0.000000000000000000e+00 1.026149999999999896e+00 4.238500000000000045e-01
0.000000000000000000e+00 1.247049999999999992e+00 3.786999999999999811e-01
0.000000000000000000e+00 1.439300000000000024e+00 3.630999999999999783e-01
0.000000000000000000e+00 1.635800000000000143e+00 3.377999999999999892e-01
0.000000000000000000e+00 1.842049999999999965e+00 3.210500000000000020e-01
0.000000000000000000e+00 2.036649999999999849e+00 2.873999999999999888e-01
0.000000000000000000e+00 2.244150000000000311e+00 2.857000000000000095e-01
0.000000000000000000e+00 2.427299999999999791e+00 2.569500000000000117e-01
0.000000000000000000e+00 2.639499999999999957e+00 2.394499999999999962e-01
0.000000000000000000e+00 2.841849999999999987e+00 2.258499999999999952e-01
0.000000000000000000e+00 3.035299999999999887e+00 2.145500000000000185e-01
0.000000000000000000e+00 3.242849999999999788e+00 2.061000000000000054e-01
0.000000000000000000e+00 3.439249999999999918e+00 1.984500000000000153e-01
0.000000000000000000e+00 3.642749999999999932e+00 1.847499999999999976e-01
0.000000000000000000e+00 3.837250000000000050e+00 1.775499999999999856e-01
0.000000000000000000e+00 4.037850000000000605e+00 1.721000000000000030e-01
0.000000000000000000e+00 4.248199999999999754e+00 1.591500000000000137e-01
0.000000000000000000e+00 4.424199999999999910e+00 1.548499999999999877e-01
0.000000000000000000e+00 4.644700000000000273e+00 1.422999999999999821e-01
0.000000000000000000e+00 4.836999999999999744e+00 1.362500000000000100e-01
0.000000000000000000e+00 5.036900000000000155e+00 1.383000000000000063e-01
0.000000000000000000e+00 5.243700000000000472e+00 1.310499999999999998e-01
0.000000000000000000e+00 5.435299999999999798e+00 1.222499999999999976e-01
0.000000000000000000e+00 5.648749999999999716e+00 1.170999999999999958e-01
0.000000000000000000e+00 5.824449999999999683e+00 1.113500000000000045e-01
0.000000000000000000e+00 6.043400000000000105e+00 1.125499999999999973e-01
0.000000000000000000e+00 6.239150000000000418e+00 1.033499999999999974e-01
0.000000000000000000e+00 6.435900000000000176e+00 9.994999999999999718e-02
0.000000000000000000e+00 6.640699999999999825e+00 9.840000000000000135e-02
0.000000000000000000e+00 6.834049999999999514e+00 9.554999999999999605e-02
0.000000000000000000e+00 7.045550000000000423e+00 8.779999999999998916e-02
0.000000000000000000e+00 7.220250000000000057e+00 8.734999999999999709e-02
0.000000000000000000e+00 7.441599999999999326e+00 7.954999999999999571e-02
0.000000000000000000e+00 7.643850000000000477e+00 7.719999999999999085e-02
0.000000000000000000e+00 7.833249999999999602e+00 7.514999999999999458e-02
0.000000000000000000e+00 8.045100000000001472e+00 7.184999999999999720e-02
0.000000000000000000e+00 8.236900000000000333e+00 6.819999999999999674e-02
0.000000000000000000e+00 8.442099999999999937e+00 6.475000000000000200e-02
0.000000000000000000e+00 8.635349999999998971e+00 6.105000000000000704e-02
0.000000000000000000e+00 8.839449999999999363e+00 5.930000000000000548e-02
0.000000000000000000e+00 9.045749999999999957e+00 5.999999999999999778e-02
0.000000000000000000e+00 9.227600000000000691e+00 5.575000000000000094e-02
0.000000000000000000e+00 9.443099999999999383e+00 5.440000000000000391e-02
0.000000000000000000e+00 9.639050000000001006e+00 5.290000000000000258e-02
0.000000000000000000e+00 9.837099999999999511e+00 5.324999999999999872e-02
0.000000000000000000e+00 1.004119999999999990e+01 5.070000000000000201e-02
0.000000000000000000e+00 1.023620000000000019e+01 5.000000000000000278e-02
0.000000000000000000e+00 1.044699999999999918e+01 4.845000000000000001e-02
0.000000000000000000e+00 1.062345000000000006e+01 4.674999999999999989e-02
0.000000000000000000e+00 1.084420000000000073e+01 5.059999999999999915e-02
0.000000000000000000e+00 1.103904999999999959e+01 4.680000000000000132e-02
0.000000000000000000e+00 1.123290000000000077e+01 4.560000000000000164e-02
0.000000000000000000e+00 1.144209999999999994e+01 4.604999999999999372e-02
0.000000000000000000e+00 1.163625000000000043e+01 4.329999999999999821e-02
0.000000000000000000e+00 1.184714999999999918e+01 4.529999999999999999e-02
0.000000000000000000e+00 1.202704999999999913e+01 4.524999999999999856e-02
0.000000000000000000e+00 1.224295000000000044e+01 4.389999999999999458e-02
0.000000000000000000e+00 1.244435000000000002e+01 4.399999999999999745e-02
0.000000000000000000e+00 1.263210000000000122e+01 4.165000000000000646e-02
0.000000000000000000e+00 1.284529999999999994e+01 4.229999999999999732e-02
0.000000000000000000e+00 1.303875000000000028e+01 4.195000000000000118e-02
0.000000000000000000e+00 1.324030000000000129e+01 4.404999999999999888e-02
0.000000000000000000e+00 1.343440000000000012e+01 4.205000000000000404e-02
0.000000000000000000e+00 1.363769999999999882e+01 4.120000000000000051e-02
0.000000000000000000e+00 1.384389999999999965e+01 4.125000000000000194e-02
0.000000000000000000e+00 1.403090000000000082e+01 4.299999999999999656e-02
0.000000000000000000e+00 1.424244999999999983e+01 4.204999999999999710e-02
0.000000000000000000e+00 1.444245000000000090e+01 4.230000000000000426e-02
0.000000000000000000e+00 1.463635000000000019e+01 4.105000000000000315e-02
0.000000000000000000e+00 1.484254999999999924e+01 4.239999999999999325e-02
0.000000000000000000e+00 1.503235000000000099e+01 4.059999999999999720e-02
0.000000000000000000e+00 1.524680000000000035e+01 4.389999999999999458e-02
0.000000000000000000e+00 1.542309999999999981e+01 4.099999999999999478e-02
0.000000000000000000e+00 1.564085000000000036e+01 3.950000000000000039e-02
0.000000000000000000e+00 1.584199999999999875e+01 4.105000000000000315e-02
0.000000000000000000e+00 1.603300000000000125e+01 3.974999999999999367e-02
0.000000000000000000e+00 1.624849999999999994e+01 4.230000000000000426e-02
0.000000000000000000e+00 1.643395000000000294e+01 4.049999999999999434e-02
0.000000000000000000e+00 1.664484999999999815e+01 4.114999999999999908e-02
0.000000000000000000e+00 1.682929999999999993e+01 3.984999999999999654e-02
0.000000000000000000e+00 1.704400000000000048e+01 4.025000000000000105e-02
0.000000000000000000e+00 1.724500000000000099e+01 4.404999999999999888e-02
0.000000000000000000e+00 1.743030000000000257e+01 4.214999999999999997e-02
0.000000000000000000e+00 1.764320000000000022e+01 4.205000000000000404e-02
0.000000000000000000e+00 1.783514999999999873e+01 4.075000000000000150e-02
0.000000000000000000e+00 1.803989999999999938e+01 4.145000000000000073e-02
0.000000000000000000e+00 1.823295000000000243e+01 4.080000000000000293e-02
0.000000000000000000e+00 1.844035000000000224e+01 4.120000000000000051e-02
0.000000000000000000e+00 1.864560000000000173e+01 4.170000000000000095e-02
0.000000000000000000e+00 1.882914999999999850e+01 4.059999999999999720e-02
0.000000000000000000e+00 1.904364999999999952e+01 4.255000000000000449e-02
0.000000000000000000e+00 1.924259999999999948e+01 4.070000000000000007e-02
0.000000000000000000e+00 1.943469999999999942e+01 4.249999999999999611e-02
0.000000000000000000e+00 1.964290000000000092e+01 4.100000000000000172e-02
0.000000000000000000e+00 1.983534999999999826e+01 4.125000000000000194e-02
0.000000000000000000e+00 1.999645000000000294e+01 4.265000000000000041e-02
