0.000000000000000000e+00 -1.975545000000000329e+01 4.105000000000000315e-02
0.000000000000000000e+00 -1.956965000000000288e+01 4.189999999999999974e-02
0.000000000000000000e+00 -1.935624999999999929e+01 4.204999999999999710e-02
0.000000000000000000e+00 -1.916694999999999993e+01 4.145000000000000073e-02
0.000000000000000000e+00 -1.895994999999999919e+01 4.164999999999999952e-02
0.000000000000000000e+00 -1.877080000000000126e+01 4.115000000000000602e-02
0.000000000000000000e+00 -1.856299999999999883e+01 4.164999999999999952e-02
0.000000000000000000e+00 -1.835535000000000139e+01 4.139999999999999930e-02
0.000000000000000000e+00 -1.817275000000000063e+01 3.930000000000000160e-02
0.000000000000000000e+00 -1.795649999999999835e+01 3.994999999999999940e-02
0.000000000000000000e+00 -1.775945000000000107e+01 3.984999999999999654e-02
0.000000000000000000e+00 -1.756259999999999977e+01 3.930000000000000160e-02
0.000000000000000000e+00 -1.736224999999999952e+01 4.059999999999999720e-02
0.000000000000000000e+00 -1.716485000000000127e+01 3.874999999999999972e-02
0.000000000000000000e+00 -1.695510000000000161e+01 3.910000000000000281e-02
0.000000000000000000e+00 -1.677315000000000111e+01 4.164999999999999952e-02
0.000000000000000000e+00 -1.655845000000000056e+01 3.989999999999999797e-02
0.000000000000000000e+00 -1.635694999999999766e+01 3.930000000000000160e-02
0.000000000000000000e+00 -1.616560000000000130e+01 4.145000000000000073e-02
0.000000000000000000e+00 -1.595529999999999937e+01 4.264999999999999347e-02
0.000000000000000000e+00 -1.576439999999999841e+01 4.065000000000000557e-02
0.000000000000000000e+00 -1.555480000000000018e+01 4.199999999999999567e-02
0.000000000000000000e+00 -1.537185000000000024e+01 4.134999999999999787e-02
0.000000000000000000e+00 -1.515889999999999915e+01 4.139999999999999930e-02
0.000000000000000000e+00 -1.495694999999999908e+01 4.184999999999999831e-02
0.000000000000000000e+00 -1.477009999999999934e+01 4.155000000000000360e-02
0.000000000000000000e+00 -1.455485000000000007e+01 4.399999999999999745e-02
0.000000000000000000e+00 -1.436700000000000088e+01 4.515000000000000263e-02
0.000000000000000000e+00 -1.415704999999999991e+01 4.754999999999999505e-02
0.000000000000000000e+00 -1.396620000000000061e+01 5.399999999999999939e-02
0.000000000000000000e+00 -1.376334999999999908e+01 5.249999999999999806e-02
0.000000000000000000e+00 -1.355365000000000109e+01 5.859999999999999931e-02
0.000000000000000000e+00 -1.337389999999999901e+01 6.235000000000000264e-02
0.000000000000000000e+00 -1.315915000000000035e+01 7.430000000000000493e-02
0.000000000000000000e+00 -1.295935000000000059e+01 8.655000000000000193e-02
0.000000000000000000e+00 -1.276360000000000028e+01 1.029499999999999998e-01
0.000000000000000000e+00 -1.255964999999999954e+01 1.262500000000000011e-01
0.000000000000000000e+00 -1.236364999999999981e+01 1.469499999999999973e-01
0.000000000000000000e+00 -1.215530000000000044e+01 1.676499999999999935e-01
0.000000000000000000e+00 -1.197155000000000058e+01 1.964500000000000135e-01
0.000000000000000000e+00 -1.175870000000000104e+01 2.217500000000000027e-01
0.000000000000000000e+00 -1.155515000000000114e+01 2.530000000000000027e-01
0.000000000000000000e+00 -1.136795000000000044e+01 2.883000000000000007e-01
0.000000000000000000e+00 -1.115409999999999968e+01 3.327999999999999847e-01
0.000000000000000000e+00 -1.096734999999999971e+01 3.861499999999999932e-01
0.000000000000000000e+00 -1.075559999999999938e+01 4.598999999999999755e-01
0.000000000000000000e+00 -1.057325000000000159e+01 5.371000000000000218e-01
0.000000000000000000e+00 -1.036074999999999946e+01 6.250999999999999890e-01
0.000000000000000000e+00 -1.015494999999999948e+01 6.930499999999999439e-01
0.000000000000000000e+00 -9.971999999999999531e+00 8.004499999999999948e-01
0.000000000000000000e+00 -9.753800000000000026e+00 8.723000000000000753e-01
0.000000000000000000e+00 -9.564550000000000551e+00 9.375499999999999945e-01
0.000000000000000000e+00 -9.359899999999999665e+00 1.067649999999999988e+00
0.000000000000000000e+00 -9.167449999999998766e+00 1.133299999999999974e+00
0.000000000000000000e+00 -8.960950000000000415e+00 1.280800000000000161e+00
0.000000000000000000e+00 -8.752349999999999852e+00 1.404050000000000020e+00
0.000000000000000000e+00 -8.574500000000000455e+00 1.582400000000000029e+00
0.000000000000000000e+00 -8.357950000000000657e+00 1.733950000000000102e+00
0.000000000000000000e+00 -8.163050000000000139e+00 1.948550000000000004e+00
0.000000000000000000e+00 -7.961700000000000443e+00 2.110400000000000276e+00
0.000000000000000000e+00 -7.759450000000000180e+00 2.268549999999999844e+00
0.000000000000000000e+00 -7.561849999999999739e+00 2.504000000000000004e+00
0.000000000000000000e+00 -7.354449999999999932e+00 2.600749999999999673e+00
0.000000000000000000e+00 -7.169150000000000134e+00 2.709900000000000198e+00
0.000000000000000000e+00 -6.958050000000000068e+00 2.761449999999999960e+00
0.000000000000000000e+00 -6.755499999999999616e+00 2.801800000000000068e+00
0.000000000000000000e+00 -6.569650000000000212e+00 2.758300000000000196e+00
0.000000000000000000e+00 -6.357949999999999768e+00 2.772350000000000314e+00
0.000000000000000000e+00 -6.164999999999999147e+00 2.818249999999999922e+00
0.000000000000000000e+00 -5.956300000000000594e+00 2.770950000000000024e+00
0.000000000000000000e+00 -5.768650000000000055e+00 2.713899999999999757e+00
0.000000000000000000e+00 -5.560800000000000409e+00 2.634349999999999969e+00
0.000000000000000000e+00 -5.354300000000000281e+00 2.552400000000000002e+00
0.000000000000000000e+00 -5.170550000000000423e+00 2.470299999999999940e+00
0.000000000000000000e+00 -4.955249999999999488e+00 2.408450000000000202e+00
0.000000000000000000e+00 -4.763099999999999667e+00 2.373600000000000154e+00
0.000000000000000000e+00 -4.557599999999999874e+00 2.269899999999999807e+00
0.000000000000000000e+00 -4.364900000000000446e+00 2.181700000000000195e+00
0.000000000000000000e+00 -4.162349999999999994e+00 2.074850000000000083e+00
0.000000000000000000e+00 -3.956000000000000405e+00 1.964250000000000052e+00
0.000000000000000000e+00 -3.775500000000000078e+00 1.863300000000000178e+00
0.000000000000000000e+00 -3.555849999999999955e+00 1.750099999999999989e+00
0.000000000000000000e+00 -3.358999999999999986e+00 1.676099999999999923e+00
0.000000000000000000e+00 -3.161750000000000060e+00 1.562049999999999939e+00
0.000000000000000000e+00 -2.958849999999999980e+00 1.513900000000000023e+00
0.000000000000000000e+00 -2.764549999999999841e+00 1.423100000000000032e+00
0.000000000000000000e+00 -2.555100000000000371e+00 1.330099999999999838e+00
0.000000000000000000e+00 -2.374249999999999972e+00 1.196050000000000058e+00
0.000000000000000000e+00 -2.160449999999999982e+00 1.172849999999999948e+00
0.000000000000000000e+00 -1.957549999999999901e+00 1.071550000000000002e+00
0.000000000000000000e+00 -1.767549999999999955e+00 1.009500000000000064e+00
0.000000000000000000e+00 -1.556999999999999940e+00 9.221000000000000307e-01
0.000000000000000000e+00 -1.363350000000000062e+00 8.770499999999999963e-01
0.000000000000000000e+00 -1.158199999999999896e+00 8.048500000000000654e-01
0.000000000000000000e+00 -9.670499999999999652e-01 7.799500000000000322e-01
0.000000000000000000e+00 -7.592499999999999805e-01 7.064500000000000224e-01
0.000000000000000000e+00 -5.524000000000000021e-01 6.634499999999999842e-01
0.000000000000000000e+00 -3.733499999999999597e-01 6.149499999999999966e-01
0.000000000000000000e+00 -1.527999999999999914e-01 5.029000000000000137e-01
0.000000000000000000e+00 3.325000000000000178e-02 4.858000000000000096e-01
0.000000000000000000e+00 2.399499999999999966e-01 4.228999999999999981e-01
0.000000000000000000e+00 4.354000000000000092e-01 3.435000000000000275e-01
0.000000000000000000e+00 6.360500000000000043e-01 3.161999999999999811e-01
0.000000000000000000e+00 8.482499999999999485e-01 2.781000000000000139e-01
0.000000000000000000e+00 1.026549999999999851e+00 2.542499999999999760e-01
0.000000000000000000e+00 1.246499999999999941e+00 2.250999999999999945e-01
0.000000000000000000e+00 1.438800000000000079e+00 2.021000000000000019e-01
0.000000000000000000e+00 1.635149999999999881e+00 1.773000000000000131e-01
0.000000000000000000e+00 1.841250000000000053e+00 1.627000000000000113e-01
0.000000000000000000e+00 2.036399999999999988e+00 1.490500000000000158e-01
0.000000000000000000e+00 2.244500000000000384e+00 1.333000000000000018e-01
0.000000000000000000e+00 2.427200000000000024e+00 1.229000000000000092e-01
0.000000000000000000e+00 2.639050000000000118e+00 1.104999999999999871e-01
0.000000000000000000e+00 2.844050000000000189e+00 1.041499999999999926e-01
0.000000000000000000e+00 3.033649999999999736e+00 9.389999999999999736e-02
0.000000000000000000e+00 3.242350000000000065e+00 8.909999999999999865e-02
0.000000000000000000e+00 3.438399999999999679e+00 8.030000000000001026e-02
0.000000000000000000e+00 3.642649999999999721e+00 7.719999999999999085e-02
0.000000000000000000e+00 3.836450000000000138e+00 7.005000000000000115e-02
0.000000000000000000e+00 4.038149999999999906e+00 6.535000000000000531e-02
0.000000000000000000e+00 4.248949999999999783e+00 5.920000000000000262e-02
0.000000000000000000e+00 4.424250000000000682e+00 5.569999999999999951e-02
0.000000000000000000e+00 4.644450000000000855e+00 5.250000000000000500e-02
0.000000000000000000e+00 4.836999999999999744e+00 4.879999999999999616e-02
0.000000000000000000e+00 5.038100000000000023e+00 4.594999999999999779e-02
0.000000000000000000e+00 5.242300000000000182e+00 4.295000000000000207e-02
0.000000000000000000e+00 5.436600000000000321e+00 4.259999999999999898e-02
0.000000000000000000e+00 5.649449999999999861e+00 4.314999999999999392e-02
0.000000000000000000e+00 5.826349999999999696e+00 4.249999999999999611e-02
0.000000000000000000e+00 6.041999999999999815e+00 4.074999999999999456e-02
0.000000000000000000e+00 6.239700000000000024e+00 4.314999999999999392e-02
0.000000000000000000e+00 6.436099999999999710e+00 4.230000000000000426e-02
0.000000000000000000e+00 6.640699999999999825e+00 4.000000000000000083e-02
0.000000000000000000e+00 6.834299999999999820e+00 4.359999999999999987e-02
0.000000000000000000e+00 7.044249999999999901e+00 4.174999999999999545e-02
0.000000000000000000e+00 7.221199999999999619e+00 4.180000000000000382e-02
0.000000000000000000e+00 7.443150000000000155e+00 4.164999999999999952e-02
0.000000000000000000e+00 7.643850000000000477e+00 4.089999999999999886e-02
0.000000000000000000e+00 7.834149999999999281e+00 4.170000000000000095e-02
0.000000000000000000e+00 8.044449999999999434e+00 4.059999999999999720e-02
0.000000000000000000e+00 8.235600000000001586e+00 3.984999999999999654e-02
0.000000000000000000e+00 8.441300000000000026e+00 4.084999999999999742e-02
0.000000000000000000e+00 8.635699999999999932e+00 4.140000000000000624e-02
0.000000000000000000e+00 8.838799999999999102e+00 4.034999999999999698e-02
0.000000000000000000e+00 9.046450000000000102e+00 4.044999999999999984e-02
0.000000000000000000e+00 9.227499999999999147e+00 3.909999999999999587e-02
0.000000000000000000e+00 9.443599999999999994e+00 3.969999999999999918e-02
0.000000000000000000e+00 9.640299999999999869e+00 3.915000000000000424e-02
0.000000000000000000e+00 9.837099999999999511e+00 4.080000000000000293e-02
0.000000000000000000e+00 1.004110000000000014e+01 4.105000000000000315e-02
0.000000000000000000e+00 1.023734999999999928e+01 4.100000000000000172e-02
0.000000000000000000e+00 1.044674999999999976e+01 4.214999999999999997e-02
0.000000000000000000e+00 1.062229999999999919e+01 4.315000000000000085e-02
0.000000000000000000e+00 1.084435000000000038e+01 3.959999999999999631e-02
0.000000000000000000e+00 1.103835000000000122e+01 4.059999999999999720e-02
0.000000000000000000e+00 1.123359999999999914e+01 4.095000000000000029e-02
0.000000000000000000e+00 1.144140000000000157e+01 4.000000000000000083e-02
0.000000000000000000e+00 1.163684999999999903e+01 3.865000000000000380e-02
0.000000000000000000e+00 1.184774999999999956e+01 4.070000000000000007e-02
0.000000000000000000e+00 1.202935000000000088e+01 4.055000000000000271e-02
0.000000000000000000e+00 1.224275000000000091e+01 3.944999999999999896e-02
0.000000000000000000e+00 1.244435000000000002e+01 3.959999999999999631e-02
0.000000000000000000e+00 1.263080000000000069e+01 3.980000000000000204e-02
0.000000000000000000e+00 1.284445000000000014e+01 4.005000000000000226e-02
0.000000000000000000e+00 1.304044999999999987e+01 3.984999999999999654e-02
0.000000000000000000e+00 1.323999999999999844e+01 4.280000000000000471e-02
0.000000000000000000e+00 1.343520000000000003e+01 4.189999999999999974e-02
0.000000000000000000e+00 1.363739999999999952e+01 4.100000000000000172e-02
0.000000000000000000e+00 1.384450000000000003e+01 4.134999999999999787e-02
0.000000000000000000e+00 1.403089999999999904e+01 3.934999999999999609e-02
0.000000000000000000e+00 1.424310000000000009e+01 4.184999999999999831e-02
0.000000000000000000e+00 1.444270000000000032e+01 3.944999999999999896e-02
0.000000000000000000e+00 1.463664999999999949e+01 3.899999999999999994e-02
0.000000000000000000e+00 1.484244999999999948e+01 4.064999999999999863e-02
0.000000000000000000e+00 1.503235000000000099e+01 4.340000000000000108e-02
0.000000000000000000e+00 1.524690000000000012e+01 4.059999999999999720e-02
0.000000000000000000e+00 1.542225000000000001e+01 4.134999999999999787e-02
0.000000000000000000e+00 1.564095000000000013e+01 4.124999999999999500e-02
0.000000000000000000e+00 1.584239999999999959e+01 3.984999999999999654e-02
0.000000000000000000e+00 1.603244999999999720e+01 4.214999999999999997e-02
0.000000000000000000e+00 1.624719999999999942e+01 4.159999999999999809e-02
0.000000000000000000e+00 1.643540000000000134e+01 4.155000000000000360e-02
0.000000000000000000e+00 1.664605000000000246e+01 4.095000000000000029e-02
0.000000000000000000e+00 1.682760000000000034e+01 4.209999999999999853e-02
0.000000000000000000e+00 1.704309999999999903e+01 4.125000000000000194e-02
0.000000000000000000e+00 1.724434999999999718e+01 4.255000000000000449e-02
0.000000000000000000e+00 1.743055000000000021e+01 4.030000000000000249e-02
0.000000000000000000e+00 1.764235000000000042e+01 4.080000000000000293e-02
0.000000000000000000e+00 1.783439999999999870e+01 3.934999999999999609e-02
0.000000000000000000e+00 1.804149999999999920e+01 4.199999999999999567e-02
0.000000000000000000e+00 1.823275000000000290e+01 3.884999999999999565e-02
0.000000000000000000e+00 1.843909999999999982e+01 4.080000000000000293e-02
0.000000000000000000e+00 1.864535000000000053e+01 4.189999999999999974e-02
0.000000000000000000e+00 1.882824999999999704e+01 4.145000000000000073e-02
0.000000000000000000e+00 1.904329999999999856e+01 3.955000000000000182e-02
0.000000000000000000e+00 1.924255000000000138e+01 4.120000000000000051e-02
0.000000000000000000e+00 1.943465000000000131e+01 4.359999999999999987e-02
0.000000000000000000e+00 1.964320000000000022e+01 4.174999999999999545e-02
0.000000000000000000e+00 1.983464999999999989e+01 4.230000000000000426e-02
0.000000000000000000e+00 1.999645000000000294e+01 4.245000000000000162e-02
