0.000000000000000000e+00 -2.475724999999999909e+01 3.844999999999999807e-02
0.000000000000000000e+00 -2.455615000000000236e+01 4.044999999999999984e-02
0.000000000000000000e+00 -2.436814999999999998e+01 3.950000000000000039e-02
0.000000000000000000e+00 -2.415679999999999694e+01 4.040000000000000535e-02
0.000000000000000000e+00 -2.396519999999999939e+01 4.195000000000000118e-02
0.000000000000000000e+00 -2.375714999999999932e+01 4.125000000000000194e-02
0.000000000000000000e+00 -2.356884999999999764e+01 4.245000000000000162e-02
0.000000000000000000e+00 -2.336034999999999684e+01 3.869999999999999829e-02
0.000000000000000000e+00 -2.315615000000000023e+01 3.999999999999999389e-02
0.000000000000000000e+00 -2.297095000000000198e+01 4.095000000000000029e-02
0.000000000000000000e+00 -2.275724999999999909e+01 3.919999999999999873e-02
0.000000000000000000e+00 -2.256149999999999878e+01 4.070000000000000007e-02
0.000000000000000000e+00 -2.236120000000000019e+01 3.880000000000000115e-02
0.000000000000000000e+00 -2.215995000000000203e+01 3.815000000000000335e-02
0.000000000000000000e+00 -2.196549999999999869e+01 3.819999999999999785e-02
0.000000000000000000e+00 -2.175274999999999892e+01 3.755000000000000004e-02
0.000000000000000000e+00 -2.157849999999999824e+01 3.984999999999999654e-02
0.000000000000000000e+00 -2.135960000000000036e+01 3.775000000000000577e-02
0.000000000000000000e+00 -2.115769999999999840e+01 3.890000000000000402e-02
0.000000000000000000e+00 -2.096509999999999962e+01 4.075000000000000150e-02
0.000000000000000000e+00 -2.075325000000000131e+01 4.055000000000000271e-02
0.000000000000000000e+00 -2.056540000000000035e+01 4.124999999999999500e-02
0.000000000000000000e+00 -2.035365000000000180e+01 4.005000000000000226e-02
0.000000000000000000e+00 -2.017439999999999856e+01 4.015000000000000513e-02
0.000000000000000000e+00 -1.995960000000000178e+01 3.700000000000000511e-02
0.000000000000000000e+00 -1.975529999999999831e+01 3.860000000000000236e-02
0.000000000000000000e+00 -1.957079999999999842e+01 3.980000000000000204e-02
0.000000000000000000e+00 -1.935679999999999978e+01 3.969999999999999918e-02
0.000000000000000000e+00 -1.916575000000000273e+01 4.159999999999999809e-02
0.000000000000000000e+00 -1.895739999999999981e+01 3.834999999999999520e-02
0.000000000000000000e+00 -1.876995000000000147e+01 3.899999999999999994e-02
0.000000000000000000e+00 -1.856065000000000254e+01 4.019999999999999962e-02
0.000000000000000000e+00 -1.835569999999999879e+01 3.880000000000000115e-02
0.000000000000000000e+00 -1.817150000000000176e+01 3.915000000000000424e-02
0.000000000000000000e+00 -1.795660000000000167e+01 3.884999999999999565e-02
0.000000000000000000e+00 -1.775965000000000060e+01 4.005000000000000226e-02
0.000000000000000000e+00 -1.756374999999999886e+01 4.070000000000000007e-02
0.000000000000000000e+00 -1.735904999999999987e+01 4.055000000000000271e-02
0.000000000000000000e+00 -1.716624999999999801e+01 4.070000000000000007e-02
0.000000000000000000e+00 -1.695190000000000197e+01 4.050000000000000128e-02
0.000000000000000000e+00 -1.676989999999999981e+01 4.109999999999999765e-02
0.000000000000000000e+00 -1.655935000000000201e+01 4.214999999999999997e-02
0.000000000000000000e+00 -1.635750000000000171e+01 4.199999999999999567e-02
0.000000000000000000e+00 -1.616335000000000122e+01 4.095000000000000029e-02
0.000000000000000000e+00 -1.595384999999999920e+01 3.909999999999999587e-02
0.000000000000000000e+00 -1.576459999999999972e+01 4.115000000000000602e-02
0.000000000000000000e+00 -1.555604999999999905e+01 4.199999999999999567e-02
0.000000000000000000e+00 -1.537174999999999869e+01 4.025000000000000105e-02
0.000000000000000000e+00 -1.515930000000000000e+01 3.944999999999999896e-02
0.000000000000000000e+00 -1.495795000000000030e+01 4.070000000000000007e-02
0.000000000000000000e+00 -1.477169999999999916e+01 4.159999999999999809e-02
0.000000000000000000e+00 -1.455470000000000041e+01 3.925000000000000017e-02
0.000000000000000000e+00 -1.436250000000000071e+01 4.030000000000000249e-02
0.000000000000000000e+00 -1.415664999999999907e+01 4.000000000000000083e-02
0.000000000000000000e+00 -1.396589999999999954e+01 3.874999999999999972e-02
0.000000000000000000e+00 -1.376204999999999856e+01 4.080000000000000293e-02
0.000000000000000000e+00 -1.355250000000000021e+01 4.109999999999999765e-02
0.000000000000000000e+00 -1.337420000000000009e+01 4.105000000000000315e-02
0.000000000000000000e+00 -1.315930000000000000e+01 4.255000000000000449e-02
0.000000000000000000e+00 -1.296185000000000009e+01 4.524999999999999856e-02
0.000000000000000000e+00 -1.276234999999999964e+01 5.659999999999999754e-02
0.000000000000000000e+00 -1.256034999999999968e+01 7.245000000000000051e-02
0.000000000000000000e+00 -1.236294999999999966e+01 8.709999999999999687e-02
0.000000000000000000e+00 -1.215459999999999852e+01 1.191500000000000059e-01
0.000000000000000000e+00 -1.197315000000000040e+01 1.461999999999999966e-01
0.000000000000000000e+00 -1.175779999999999959e+01 1.827999999999999903e-01
0.000000000000000000e+00 -1.155529999999999902e+01 2.340500000000000080e-01
0.000000000000000000e+00 -1.136599999999999966e+01 2.812500000000000000e-01
0.000000000000000000e+00 -1.115564999999999962e+01 3.242500000000000382e-01
0.000000000000000000e+00 -1.096754999999999924e+01 3.816499999999999893e-01
0.000000000000000000e+00 -1.075584999999999880e+01 4.596500000000000030e-01
0.000000000000000000e+00 -1.057450000000000045e+01 5.055999999999999384e-01
0.000000000000000000e+00 -1.036195000000000022e+01 5.509999999999999343e-01
0.000000000000000000e+00 -1.015425000000000111e+01 6.068999999999999950e-01
0.000000000000000000e+00 -9.970299999999999940e+00 7.058999999999999719e-01
0.000000000000000000e+00 -9.754400000000000404e+00 7.939500000000000446e-01
0.000000000000000000e+00 -9.562950000000000728e+00 8.572999999999999510e-01
0.000000000000000000e+00 -9.360400000000000276e+00 9.651000000000000689e-01
0.000000000000000000e+00 -9.165700000000001069e+00 1.102800000000000002e+00
0.000000000000000000e+00 -8.962849999999999540e+00 1.212699999999999889e+00
0.000000000000000000e+00 -8.753599999999998715e+00 1.414800000000000058e+00
0.000000000000000000e+00 -8.574300000000000921e+00 1.574049999999999949e+00
0.000000000000000000e+00 -8.357749999999999346e+00 1.685699999999999976e+00
0.000000000000000000e+00 -8.163249999999999673e+00 1.873199999999999976e+00
0.000000000000000000e+00 -7.962199999999999278e+00 1.999749999999999917e+00
0.000000000000000000e+00 -7.760650000000000048e+00 2.135099999999999998e+00
0.000000000000000000e+00 -7.561049999999999827e+00 2.256600000000000161e+00
0.000000000000000000e+00 -7.353749999999999787e+00 2.373649999999999594e+00
0.000000000000000000e+00 -7.170749999999999957e+00 2.446900000000000297e+00
0.000000000000000000e+00 -6.956900000000000084e+00 2.545049999999999812e+00
0.000000000000000000e+00 -6.756700000000000372e+00 2.631599999999999717e+00
0.000000000000000000e+00 -6.570249999999999702e+00 2.705549999999999677e+00
0.000000000000000000e+00 -6.357549999999999812e+00 2.786799999999999944e+00
0.000000000000000000e+00 -6.167049999999999699e+00 2.871150000000000091e+00
0.000000000000000000e+00 -5.958849999999999980e+00 2.957650000000000112e+00
0.000000000000000000e+00 -5.766700000000000159e+00 3.001450000000000173e+00
0.000000000000000000e+00 -5.560449999999999449e+00 3.003700000000000259e+00
0.000000000000000000e+00 -5.353799999999999670e+00 3.023749999999999716e+00
0.000000000000000000e+00 -5.171149999999999913e+00 3.021300000000000097e+00
0.000000000000000000e+00 -4.954399999999999693e+00 3.005200000000000315e+00
0.000000000000000000e+00 -4.763949999999999463e+00 3.025949999999999918e+00
0.000000000000000000e+00 -4.559849999999999959e+00 3.033500000000000085e+00
0.000000000000000000e+00 -4.365550000000000708e+00 2.948649999999999771e+00
0.000000000000000000e+00 -4.163899999999999935e+00 2.897599999999999731e+00
0.000000000000000000e+00 -3.955600000000000005e+00 2.810150000000000148e+00
0.000000000000000000e+00 -3.778049999999999908e+00 2.624749999999999694e+00
0.000000000000000000e+00 -3.555499999999999883e+00 2.389600000000000168e+00
0.000000000000000000e+00 -3.360599999999999810e+00 2.249400000000000066e+00
0.000000000000000000e+00 -3.160499999999999865e+00 2.020049999999999901e+00
0.000000000000000000e+00 -2.958050000000000068e+00 1.818400000000000016e+00
0.000000000000000000e+00 -2.762199999999999989e+00 1.580950000000000077e+00
0.000000000000000000e+00 -2.555449999999999999e+00 1.346799999999999997e+00
0.000000000000000000e+00 -2.372300000000000075e+00 1.133399999999999963e+00
0.000000000000000000e+00 -2.160200000000000120e+00 9.394500000000000073e-01
0.000000000000000000e+00 -1.957300000000000040e+00 8.103000000000000203e-01
0.000000000000000000e+00 -1.767700000000000049e+00 6.783500000000000085e-01
0.000000000000000000e+00 -1.557949999999999946e+00 5.943000000000000504e-01
0.000000000000000000e+00 -1.364149999999999974e+00 4.892500000000000182e-01
0.000000000000000000e+00 -1.157899999999999929e+00 4.026499999999999524e-01
0.000000000000000000e+00 -9.687999999999999945e-01 3.194000000000000172e-01
0.000000000000000000e+00 -7.600500000000000034e-01 2.534500000000000086e-01
0.000000000000000000e+00 -5.516999999999999682e-01 1.978500000000000258e-01
0.000000000000000000e+00 -3.735999999999999877e-01 1.523499999999999854e-01
0.000000000000000000e+00 -1.532999999999999918e-01 1.223500000000000004e-01
0.000000000000000000e+00 3.254999999999999560e-02 9.604999999999999649e-02
0.000000000000000000e+00 2.381500000000000006e-01 7.180000000000000271e-02
0.000000000000000000e+00 4.352000000000000313e-01 5.319999999999999729e-02
0.000000000000000000e+00 6.350000000000000089e-01 4.359999999999999987e-02
0.000000000000000000e+00 8.477500000000000036e-01 4.114999999999999908e-02
0.000000000000000000e+00 1.025949999999999918e+00 3.965000000000000469e-02
0.000000000000000000e+00 1.246049999999999880e+00 4.075000000000000150e-02
0.000000000000000000e+00 1.440099999999999936e+00 4.040000000000000535e-02
0.000000000000000000e+00 1.636449999999999960e+00 4.039999999999999841e-02
0.000000000000000000e+00 1.840250000000000163e+00 3.989999999999999797e-02
0.000000000000000000e+00 2.036850000000000271e+00 4.055000000000000271e-02
0.000000000000000000e+00 2.245199999999999640e+00 3.980000000000000204e-02
0.000000000000000000e+00 2.427800000000000402e+00 4.065000000000000557e-02
0.000000000000000000e+00 2.639700000000000379e+00 4.055000000000000271e-02
0.000000000000000000e+00 2.841949999999999754e+00 4.050000000000000128e-02
0.000000000000000000e+00 3.035149999999999793e+00 4.039999999999999841e-02
0.000000000000000000e+00 3.242700000000000138e+00 3.925000000000000017e-02
0.000000000000000000e+00 3.437949999999999839e+00 3.955000000000000182e-02
0.000000000000000000e+00 3.642000000000000348e+00 4.059999999999999720e-02
0.000000000000000000e+00 3.837049999999999628e+00 4.075000000000000150e-02
0.000000000000000000e+00 4.037700000000000067e+00 4.099999999999999478e-02
0.000000000000000000e+00 4.247349999999999959e+00 4.055000000000000271e-02
0.000000000000000000e+00 4.424000000000000377e+00 4.099999999999999478e-02
0.000000000000000000e+00 4.645099999999999341e+00 4.234999999999999876e-02
0.000000000000000000e+00 4.836650000000000560e+00 4.249999999999999611e-02
0.000000000000000000e+00 5.040350000000000108e+00 4.174999999999999545e-02
0.000000000000000000e+00 5.241349999999999731e+00 4.070000000000000007e-02
0.000000000000000000e+00 5.436099999999999710e+00 4.019999999999999962e-02
0.000000000000000000e+00 5.648900000000000254e+00 3.984999999999999654e-02
0.000000000000000000e+00 5.826200000000000045e+00 4.109999999999999765e-02
0.000000000000000000e+00 6.043099999999999916e+00 4.095000000000000029e-02
0.000000000000000000e+00 6.240249999999999631e+00 3.959999999999999631e-02
0.000000000000000000e+00 6.435100000000000264e+00 4.055000000000000271e-02
0.000000000000000000e+00 6.641300000000000203e+00 4.180000000000000382e-02
0.000000000000000000e+00 6.833199999999999719e+00 3.990000000000000491e-02
0.000000000000000000e+00 7.043949999999999712e+00 4.009999999999999676e-02
0.000000000000000000e+00 7.222699999999999676e+00 4.105000000000000315e-02
0.000000000000000000e+00 7.442999999999999616e+00 3.955000000000000182e-02
0.000000000000000000e+00 7.643699999999999939e+00 3.980000000000000204e-02
0.000000000000000000e+00 7.832250000000000156e+00 3.890000000000000402e-02
0.000000000000000000e+00 8.044449999999999434e+00 4.034999999999999698e-02
0.000000000000000000e+00 8.236850000000000449e+00 3.869999999999999829e-02
0.000000000000000000e+00 8.441300000000000026e+00 3.884999999999999565e-02
0.000000000000000000e+00 8.635249999999999204e+00 3.769999999999999740e-02
0.000000000000000000e+00 8.840550000000000352e+00 3.819999999999999785e-02
0.000000000000000000e+00 9.046499999999999986e+00 4.050000000000000128e-02
0.000000000000000000e+00 9.227949999999999875e+00 4.039999999999999841e-02
0.000000000000000000e+00 9.444150000000000489e+00 4.034999999999999698e-02
0.000000000000000000e+00 9.638650000000000162e+00 4.059999999999999720e-02
0.000000000000000000e+00 9.838200000000000500e+00 4.044999999999999984e-02
0.000000000000000000e+00 1.004160000000000075e+01 4.095000000000000029e-02
0.000000000000000000e+00 1.023579999999999934e+01 3.884999999999999565e-02
0.000000000000000000e+00 1.044815000000000005e+01 4.195000000000000118e-02
0.000000000000000000e+00 1.062604999999999933e+01 3.980000000000000204e-02
0.000000000000000000e+00 1.084345000000000070e+01 4.074999999999999456e-02
0.000000000000000000e+00 1.103705000000000069e+01 4.145000000000000073e-02
0.000000000000000000e+00 1.123220000000000063e+01 4.195000000000000118e-02
0.000000000000000000e+00 1.144095000000000084e+01 4.074999999999999456e-02
0.000000000000000000e+00 1.163514999999999944e+01 4.200000000000000261e-02
0.000000000000000000e+00 1.184725000000000072e+01 4.090000000000000580e-02
0.000000000000000000e+00 1.202880000000000038e+01 4.025000000000000105e-02
0.000000000000000000e+00 1.224305000000000021e+01 4.025000000000000105e-02
0.000000000000000000e+00 1.244359999999999999e+01 4.150000000000000216e-02
0.000000000000000000e+00 1.263194999999999979e+01 4.290000000000000063e-02
0.000000000000000000e+00 1.284459999999999980e+01 4.055000000000000271e-02
0.000000000000000000e+00 1.303715000000000046e+01 4.125000000000000194e-02
0.000000000000000000e+00 1.324040000000000106e+01 4.044999999999999984e-02
0.000000000000000000e+00 1.343574999999999875e+01 4.044999999999999984e-02
0.000000000000000000e+00 1.363739999999999952e+01 4.114999999999999908e-02
0.000000000000000000e+00 1.384445000000000014e+01 4.159999999999999809e-02
0.000000000000000000e+00 1.403064999999999962e+01 4.109999999999999765e-02
0.000000000000000000e+00 1.424244999999999983e+01 4.095000000000000029e-02
0.000000000000000000e+00 1.444154999999999944e+01 4.159999999999999809e-02
0.000000000000000000e+00 1.463734999999999964e+01 4.209999999999999853e-02
0.000000000000000000e+00 1.484249999999999936e+01 4.030000000000000249e-02
0.000000000000000000e+00 1.503239999999999910e+01 4.259999999999999898e-02
0.000000000000000000e+00 1.524690000000000012e+01 4.065000000000000557e-02
0.000000000000000000e+00 1.541904999999999859e+01 4.000000000000000083e-02
0.000000000000000000e+00 1.564044999999999952e+01 4.034999999999999698e-02
0.000000000000000000e+00 1.584045000000000059e+01 4.149999999999999523e-02
0.000000000000000000e+00 1.603219999999999956e+01 4.209999999999999853e-02
0.000000000000000000e+00 1.624819999999999709e+01 4.105000000000000315e-02
0.000000000000000000e+00 1.643299999999999983e+01 4.089999999999999886e-02
0.000000000000000000e+00 1.664564999999999984e+01 3.999999999999999389e-02
0.000000000000000000e+00 1.682824999999999704e+01 4.334999999999999964e-02
0.000000000000000000e+00 1.704415000000000191e+01 4.314999999999999392e-02
0.000000000000000000e+00 1.724584999999999724e+01 4.249999999999999611e-02
0.000000000000000000e+00 1.743045000000000044e+01 4.309999999999999942e-02
0.000000000000000000e+00 1.764224999999999710e+01 4.230000000000000426e-02
0.000000000000000000e+00 1.783469999999999800e+01 3.925000000000000017e-02
0.000000000000000000e+00 1.803960000000000008e+01 4.155000000000000360e-02
0.000000000000000000e+00 1.823409999999999798e+01 4.034999999999999698e-02
0.000000000000000000e+00 1.844010000000000105e+01 4.044999999999999984e-02
0.000000000000000000e+00 1.864594999999999914e+01 4.100000000000000172e-02
0.000000000000000000e+00 1.882920000000000016e+01 4.009999999999999676e-02
0.000000000000000000e+00 1.904449999999999932e+01 4.065000000000000557e-02
0.000000000000000000e+00 1.924350000000000094e+01 3.984999999999999654e-02
0.000000000000000000e+00 1.943399999999999750e+01 3.860000000000000236e-02
0.000000000000000000e+00 1.964305000000000234e+01 3.859999999999999543e-02
0.000000000000000000e+00 1.983285000000000053e+01 4.040000000000000535e-02
0.000000000000000000e+00 2.004605000000000103e+01 4.099999999999999478e-02
0.000000000000000000e+00 2.022409999999999997e+01 4.084999999999999742e-02
0.000000000000000000e+00 2.044115000000000038e+01 3.869999999999999829e-02
0.000000000000000000e+00 2.064770000000000039e+01 4.084999999999999742e-02
0.000000000000000000e+00 2.083285000000000053e+01 3.869999999999999829e-02
0.000000000000000000e+00 2.104639999999999844e+01 3.999999999999999389e-02
0.000000000000000000e+00 2.123499999999999943e+01 3.980000000000000204e-02
0.000000000000000000e+00 2.144460000000000122e+01 3.794999999999999762e-02
0.000000000000000000e+00 2.163244999999999862e+01 3.944999999999999896e-02
0.000000000000000000e+00 2.184270000000000067e+01 3.834999999999999520e-02
0.000000000000000000e+00 2.204380000000000095e+01 3.919999999999999873e-02
0.000000000000000000e+00 2.222585000000000122e+01 3.944999999999999896e-02
0.000000000000000000e+00 2.244425000000000026e+01 4.039999999999999841e-02
0.000000000000000000e+00 2.263615000000000066e+01 4.005000000000000226e-02
0.000000000000000000e+00 2.284199999999999875e+01 3.975000000000000061e-02
0.000000000000000000e+00 2.303650000000000020e+01 3.925000000000000017e-02
0.000000000000000000e+00 2.323949999999999960e+01 4.159999999999999809e-02
0.000000000000000000e+00 2.344700000000000273e+01 3.794999999999999762e-02
0.000000000000000000e+00 2.362600000000000122e+01 3.994999999999999940e-02
0.000000000000000000e+00 2.384189999999999898e+01 3.925000000000000017e-02
0.000000000000000000e+00 2.404229999999999734e+01 4.009999999999999676e-02
0.000000000000000000e+00 2.423514999999999731e+01 4.059999999999999720e-02
0.000000000000000000e+00 2.444115000000000038e+01 3.939999999999999752e-02
0.000000000000000000e+00 2.463754999999999740e+01 3.990000000000000491e-02
0.000000000000000000e+00 2.485074999999999790e+01 3.990000000000000491e-02
0.000000000000000000e+00 2.498704999999999998e+01 4.120000000000000051e-02
