0.000000000000000000e+00 -1.975565000000000282e+01 4.065000000000000557e-02
0.000000000000000000e+00 -1.956814999999999927e+01 4.064999999999999863e-02
0.000000000000000000e+00 -1.935600000000000165e+01 4.195000000000000118e-02
0.000000000000000000e+00 -1.916644999999999754e+01 4.205000000000000404e-02
0.000000000000000000e+00 -1.895819999999999794e+01 3.899999999999999994e-02
0.000000000000000000e+00 -1.877019999999999911e+01 4.159999999999999809e-02
0.000000000000000000e+00 -1.856329999999999814e+01 4.019999999999999962e-02
0.000000000000000000e+00 -1.835464999999999947e+01 4.124999999999999500e-02
0.000000000000000000e+00 -1.817109999999999914e+01 4.024999999999999412e-02
0.000000000000000000e+00 -1.795725000000000193e+01 4.245000000000000162e-02
0.000000000000000000e+00 -1.775970000000000226e+01 3.969999999999999918e-02
0.000000000000000000e+00 -1.756190000000000140e+01 4.080000000000000293e-02
0.000000000000000000e+00 -1.736110000000000042e+01 3.919999999999999873e-02
0.000000000000000000e+00 -1.716679999999999851e+01 4.019999999999999962e-02
0.000000000000000000e+00 -1.695390000000000086e+01 4.195000000000000118e-02
0.000000000000000000e+00 -1.677275000000000205e+01 3.815000000000000335e-02
0.000000000000000000e+00 -1.655845000000000056e+01 4.044999999999999984e-02
0.000000000000000000e+00 -1.635634999999999906e+01 3.919999999999999873e-02
0.000000000000000000e+00 -1.616664999999999708e+01 4.159999999999999809e-02
0.000000000000000000e+00 -1.595540000000000092e+01 4.189999999999999974e-02
0.000000000000000000e+00 -1.576190000000000069e+01 4.249999999999999611e-02
0.000000000000000000e+00 -1.555579999999999963e+01 4.199999999999999567e-02
0.000000000000000000e+00 -1.537110000000000021e+01 4.230000000000000426e-02
0.000000000000000000e+00 -1.516000000000000014e+01 4.164999999999999952e-02
0.000000000000000000e+00 -1.495739999999999981e+01 4.199999999999999567e-02
0.000000000000000000e+00 -1.477084999999999937e+01 4.115000000000000602e-02
0.000000000000000000e+00 -1.455564999999999998e+01 4.105000000000000315e-02
0.000000000000000000e+00 -1.436555000000000071e+01 4.334999999999999964e-02
0.000000000000000000e+00 -1.415695000000000014e+01 4.539999999999999591e-02
0.000000000000000000e+00 -1.396545000000000059e+01 4.539999999999999591e-02
0.000000000000000000e+00 -1.376179999999999914e+01 4.959999999999999826e-02
0.000000000000000000e+00 -1.355274999999999963e+01 5.625000000000000139e-02
0.000000000000000000e+00 -1.337399999999999878e+01 6.770000000000001017e-02
0.000000000000000000e+00 -1.315820000000000078e+01 7.969999999999999307e-02
0.000000000000000000e+00 -1.296015000000000050e+01 9.950000000000000511e-02
0.000000000000000000e+00 -1.276204999999999856e+01 1.198000000000000037e-01
0.000000000000000000e+00 -1.255914999999999893e+01 1.421999999999999931e-01
0.000000000000000000e+00 -1.236230000000000118e+01 1.640500000000000014e-01
0.000000000000000000e+00 -1.215449999999999875e+01 1.895499999999999963e-01
0.000000000000000000e+00 -1.197124999999999950e+01 2.134999999999999953e-01
0.000000000000000000e+00 -1.175799999999999912e+01 2.468500000000000139e-01
0.000000000000000000e+00 -1.155700000000000038e+01 2.905999999999999694e-01
0.000000000000000000e+00 -1.136639999999999873e+01 3.367499999999999938e-01
0.000000000000000000e+00 -1.115320000000000000e+01 4.029500000000000304e-01
0.000000000000000000e+00 -1.096689999999999898e+01 4.647999999999999909e-01
0.000000000000000000e+00 -1.075619999999999976e+01 5.463000000000000078e-01
0.000000000000000000e+00 -1.057399999999999984e+01 6.160000000000001030e-01
0.000000000000000000e+00 -1.036110000000000042e+01 6.850500000000000478e-01
0.000000000000000000e+00 -1.015450000000000053e+01 7.819000000000000394e-01
0.000000000000000000e+00 -9.972300000000000608e+00 8.338499999999999801e-01
0.000000000000000000e+00 -9.754149999999999210e+00 9.759999999999999787e-01
0.000000000000000000e+00 -9.564000000000000057e+00 1.042499999999999982e+00
0.000000000000000000e+00 -9.358999999999999986e+00 1.163950000000000040e+00
0.000000000000000000e+00 -9.165099999999998914e+00 1.272699999999999942e+00
0.000000000000000000e+00 -8.961600000000000676e+00 1.438549999999999995e+00
0.000000000000000000e+00 -8.753099999999999881e+00 1.533100000000000129e+00
0.000000000000000000e+00 -8.574699999999999989e+00 1.698799999999999866e+00
0.000000000000000000e+00 -8.356749999999999901e+00 1.899199999999999999e+00
0.000000000000000000e+00 -8.162800000000000722e+00 2.042749999999999844e+00
0.000000000000000000e+00 -7.961700000000000443e+00 2.167300000000000004e+00
0.000000000000000000e+00 -7.760699999999999932e+00 2.338950000000000085e+00
0.000000000000000000e+00 -7.560850000000000293e+00 2.458149999999999835e+00
0.000000000000000000e+00 -7.353849999999999554e+00 2.607400000000000162e+00
0.000000000000000000e+00 -7.169400000000000439e+00 2.693649999999999878e+00
0.000000000000000000e+00 -6.957900000000000418e+00 2.727750000000000341e+00
0.000000000000000000e+00 -6.755950000000000344e+00 2.798399999999999999e+00
0.000000000000000000e+00 -6.567899999999999849e+00 2.803250000000000242e+00
0.000000000000000000e+00 -6.358499999999999375e+00 2.804199999999999804e+00
0.000000000000000000e+00 -6.166349999999999554e+00 2.731749999999999901e+00
0.000000000000000000e+00 -5.957300000000000040e+00 2.694749999999999979e+00
0.000000000000000000e+00 -5.766049999999999898e+00 2.706350000000000033e+00
0.000000000000000000e+00 -5.561250000000000249e+00 2.647800000000000153e+00
0.000000000000000000e+00 -5.353299999999999947e+00 2.578500000000000014e+00
0.000000000000000000e+00 -5.171300000000000452e+00 2.531600000000000072e+00
0.000000000000000000e+00 -4.954399999999999693e+00 2.428749999999999964e+00
0.000000000000000000e+00 -4.762750000000000483e+00 2.353899999999999881e+00
0.000000000000000000e+00 -4.558250000000000135e+00 2.247499999999999609e+00
0.000000000000000000e+00 -4.364100000000000534e+00 2.161150000000000126e+00
0.000000000000000000e+00 -4.163549999999999862e+00 2.039150000000000240e+00
0.000000000000000000e+00 -3.955149999999999721e+00 1.945599999999999996e+00
0.000000000000000000e+00 -3.776550000000000296e+00 1.827999999999999847e+00
0.000000000000000000e+00 -3.556199999999999584e+00 1.662749999999999950e+00
0.000000000000000000e+00 -3.360949999999999882e+00 1.653599999999999959e+00
0.000000000000000000e+00 -3.160700000000000287e+00 1.561749999999999972e+00
0.000000000000000000e+00 -2.958299999999999930e+00 1.428050000000000042e+00
0.000000000000000000e+00 -2.762850000000000250e+00 1.345450000000000035e+00
0.000000000000000000e+00 -2.555849999999999955e+00 1.253400000000000070e+00
0.000000000000000000e+00 -2.373800000000000132e+00 1.160749999999999948e+00
0.000000000000000000e+00 -2.160849999999999937e+00 1.076150000000000162e+00
0.000000000000000000e+00 -1.955999999999999961e+00 1.031800000000000050e+00
0.000000000000000000e+00 -1.768050000000000122e+00 9.366999999999999771e-01
0.000000000000000000e+00 -1.557299999999999907e+00 9.127499999999999503e-01
0.000000000000000000e+00 -1.363049999999999873e+00 8.460999999999999632e-01
0.000000000000000000e+00 -1.157699999999999951e+00 7.714499999999999691e-01
0.000000000000000000e+00 -9.686000000000000165e-01 7.225000000000000311e-01
0.000000000000000000e+00 -7.590999999999999970e-01 6.332999999999999741e-01
0.000000000000000000e+00 -5.510999999999999233e-01 6.125000000000000444e-01
0.000000000000000000e+00 -3.712999999999999634e-01 5.421000000000000263e-01
0.000000000000000000e+00 -1.539499999999999758e-01 4.791999999999999593e-01
0.000000000000000000e+00 3.350000000000000200e-02 4.247499999999999609e-01
0.000000000000000000e+00 2.376500000000000001e-01 3.772499999999999742e-01
0.000000000000000000e+00 4.350999999999999868e-01 3.065999999999999837e-01
0.000000000000000000e+00 6.361999999999999877e-01 2.596999999999999864e-01
0.000000000000000000e+00 8.487999999999999989e-01 2.204499999999999793e-01
0.000000000000000000e+00 1.026599999999999957e+00 1.953999999999999904e-01
0.000000000000000000e+00 1.245900000000000007e+00 1.632000000000000117e-01
0.000000000000000000e+00 1.440350000000000019e+00 1.521000000000000130e-01
0.000000000000000000e+00 1.635499999999999954e+00 1.362500000000000100e-01
0.000000000000000000e+00 1.841899999999999871e+00 1.207499999999999962e-01
0.000000000000000000e+00 2.036900000000000155e+00 1.131999999999999951e-01
0.000000000000000000e+00 2.244550000000000267e+00 1.025999999999999968e-01
0.000000000000000000e+00 2.429050000000000153e+00 9.299999999999999933e-02
0.000000000000000000e+00 2.640749999999999709e+00 8.329999999999999905e-02
0.000000000000000000e+00 2.842349999999999710e+00 7.714999999999999636e-02
0.000000000000000000e+00 3.035449999999999982e+00 6.845000000000001084e-02
0.000000000000000000e+00 3.242550000000000043e+00 6.199999999999999956e-02
0.000000000000000000e+00 3.437349999999999905e+00 5.714999999999999941e-02
0.000000000000000000e+00 3.641899999999999693e+00 5.384999999999999509e-02
0.000000000000000000e+00 3.835599999999999898e+00 5.134999999999999981e-02
0.000000000000000000e+00 4.038449999999999207e+00 4.645000000000000517e-02
0.000000000000000000e+00 4.248499999999999943e+00 4.359999999999999987e-02
0.000000000000000000e+00 4.424300000000000566e+00 4.354999999999999843e-02
0.000000000000000000e+00 4.644449999999999967e+00 4.265000000000000041e-02
0.000000000000000000e+00 4.835599999999999454e+00 4.259999999999999898e-02
0.000000000000000000e+00 5.038349999999999440e+00 4.145000000000000073e-02
0.000000000000000000e+00 5.242700000000000138e+00 4.024999999999999412e-02
0.000000000000000000e+00 5.435850000000000293e+00 4.059999999999999720e-02
0.000000000000000000e+00 5.647899999999999920e+00 4.139999999999999930e-02
0.000000000000000000e+00 5.826499999999999346e+00 4.100000000000000172e-02
0.000000000000000000e+00 6.042699999999999960e+00 4.044999999999999984e-02
0.000000000000000000e+00 6.239150000000000418e+00 4.170000000000000095e-02
0.000000000000000000e+00 6.435999999999999943e+00 3.994999999999999940e-02
0.000000000000000000e+00 6.640799999999999592e+00 4.059999999999999720e-02
0.000000000000000000e+00 6.834299999999999820e+00 4.009999999999999676e-02
0.000000000000000000e+00 7.045099999999999696e+00 4.039999999999999841e-02
0.000000000000000000e+00 7.224000000000000199e+00 3.874999999999999972e-02
0.000000000000000000e+00 7.441600000000000215e+00 4.149999999999999523e-02
0.000000000000000000e+00 7.644099999999999895e+00 4.124999999999999500e-02
0.000000000000000000e+00 7.834699999999999775e+00 4.095000000000000029e-02
0.000000000000000000e+00 8.044800000000000395e+00 4.059999999999999720e-02
0.000000000000000000e+00 8.235099999999999199e+00 4.159999999999999809e-02
0.000000000000000000e+00 8.442249999999999588e+00 4.205000000000000404e-02
0.000000000000000000e+00 8.635749999999999815e+00 4.389999999999999458e-02
0.000000000000000000e+00 8.840849999999999653e+00 3.969999999999999918e-02
0.000000000000000000e+00 9.046250000000000568e+00 4.074999999999999456e-02
0.000000000000000000e+00 9.227449999999999264e+00 4.295000000000000207e-02
0.000000000000000000e+00 9.442199999999999704e+00 4.130000000000000338e-02
0.000000000000000000e+00 9.639450000000000074e+00 3.994999999999999940e-02
0.000000000000000000e+00 9.837699999999999889e+00 4.365000000000000130e-02
0.000000000000000000e+00 1.004129999999999967e+01 4.070000000000000007e-02
0.000000000000000000e+00 1.023740000000000094e+01 4.099999999999999478e-02
0.000000000000000000e+00 1.044824999999999982e+01 4.064999999999999863e-02
0.000000000000000000e+00 1.062429999999999986e+01 4.109999999999999765e-02
0.000000000000000000e+00 1.084375000000000000e+01 4.259999999999999898e-02
0.000000000000000000e+00 1.103855000000000075e+01 4.150000000000000216e-02
0.000000000000000000e+00 1.123245000000000005e+01 4.109999999999999765e-02
0.000000000000000000e+00 1.144134999999999991e+01 4.099999999999999478e-02
0.000000000000000000e+00 1.163690000000000069e+01 3.844999999999999807e-02
0.000000000000000000e+00 1.184830000000000005e+01 3.849999999999999950e-02
0.000000000000000000e+00 1.202919999999999945e+01 3.874999999999999972e-02
0.000000000000000000e+00 1.224279999999999902e+01 4.009999999999999676e-02
0.000000000000000000e+00 1.244534999999999947e+01 4.170000000000000095e-02
0.000000000000000000e+00 1.263095000000000034e+01 3.955000000000000182e-02
0.000000000000000000e+00 1.284445000000000014e+01 3.999999999999999389e-02
0.000000000000000000e+00 1.303910000000000124e+01 4.309999999999999942e-02
0.000000000000000000e+00 1.324179999999999957e+01 3.959999999999999631e-02
0.000000000000000000e+00 1.343554999999999922e+01 4.009999999999999676e-02
0.000000000000000000e+00 1.363799999999999990e+01 4.064999999999999863e-02
0.000000000000000000e+00 1.384454999999999991e+01 4.209999999999999853e-02
0.000000000000000000e+00 1.403004999999999924e+01 4.095000000000000029e-02
0.000000000000000000e+00 1.424310000000000009e+01 4.145000000000000073e-02
0.000000000000000000e+00 1.444130000000000003e+01 4.034999999999999698e-02
0.000000000000000000e+00 1.463635000000000019e+01 4.050000000000000128e-02
0.000000000000000000e+00 1.484215000000000018e+01 4.075000000000000150e-02
0.000000000000000000e+00 1.503209999999999980e+01 4.070000000000000007e-02
0.000000000000000000e+00 1.524755000000000038e+01 4.099999999999999478e-02
0.000000000000000000e+00 1.542194999999999894e+01 4.089999999999999886e-02
0.000000000000000000e+00 1.564044999999999952e+01 3.849999999999999950e-02
0.000000000000000000e+00 1.584140000000000015e+01 4.114999999999999908e-02
0.000000000000000000e+00 1.603275000000000006e+01 4.030000000000000249e-02
0.000000000000000000e+00 1.624835000000000207e+01 4.140000000000000624e-02
0.000000000000000000e+00 1.643290000000000006e+01 4.000000000000000083e-02
0.000000000000000000e+00 1.664639999999999986e+01 4.214999999999999997e-02
0.000000000000000000e+00 1.682730000000000103e+01 4.174999999999999545e-02
0.000000000000000000e+00 1.704390000000000072e+01 4.189999999999999974e-02
0.000000000000000000e+00 1.724429999999999907e+01 4.075000000000000150e-02
0.000000000000000000e+00 1.743029999999999902e+01 3.915000000000000424e-02
0.000000000000000000e+00 1.764334999999999809e+01 4.055000000000000271e-02
0.000000000000000000e+00 1.783514999999999873e+01 4.245000000000000162e-02
0.000000000000000000e+00 1.803940000000000055e+01 4.265000000000000041e-02
0.000000000000000000e+00 1.823454999999999870e+01 4.055000000000000271e-02
0.000000000000000000e+00 1.843979999999999819e+01 4.334999999999999964e-02
0.000000000000000000e+00 1.864444999999999908e+01 4.374999999999999722e-02
0.000000000000000000e+00 1.882925000000000182e+01 4.209999999999999853e-02
0.000000000000000000e+00 1.904360000000000142e+01 4.139999999999999930e-02
0.000000000000000000e+00 1.924249999999999972e+01 4.014999999999999819e-02
0.000000000000000000e+00 1.943455000000000155e+01 3.849999999999999950e-02
0.000000000000000000e+00 1.964390000000000214e+01 4.055000000000000271e-02
0.000000000000000000e+00 1.983469999999999800e+01 3.905000000000000138e-02
0.000000000000000000e+00 1.999640000000000128e+01 3.984999999999999654e-02
