0.000000000000000000e+00 -1.975659999999999883e+01 4.075000000000000150e-02
0.000000000000000000e+00 -1.957079999999999842e+01 4.034999999999999698e-02
0.000000000000000000e+00 -1.935699999999999932e+01 4.159999999999999809e-02
0.000000000000000000e+00 -1.916689999999999827e+01 4.090000000000000580e-02
0.000000000000000000e+00 -1.895935000000000059e+01 4.100000000000000172e-02
0.000000000000000000e+00 -1.877015000000000100e+01 4.070000000000000007e-02
0.000000000000000000e+00 -1.856340000000000146e+01 4.259999999999999898e-02
0.000000000000000000e+00 -1.835394999999999754e+01 3.965000000000000469e-02
0.000000000000000000e+00 -1.817245000000000132e+01 4.040000000000000535e-02
0.000000000000000000e+00 -1.795620000000000260e+01 3.969999999999999918e-02
0.000000000000000000e+00 -1.776035000000000252e+01 4.025000000000000105e-02
0.000000000000000000e+00 -1.756340000000000146e+01 4.329999999999999821e-02
0.000000000000000000e+00 -1.736104999999999876e+01 3.994999999999999940e-02
0.000000000000000000e+00 -1.716700000000000159e+01 3.969999999999999918e-02
0.000000000000000000e+00 -1.695494999999999663e+01 3.860000000000000236e-02
0.000000000000000000e+00 -1.677199999999999847e+01 4.055000000000000271e-02
0.000000000000000000e+00 -1.655809999999999960e+01 4.184999999999999831e-02
0.000000000000000000e+00 -1.635725000000000051e+01 4.164999999999999952e-02
0.000000000000000000e+00 -1.616519999999999868e+01 4.044999999999999984e-02
0.000000000000000000e+00 -1.595544999999999902e+01 4.120000000000000051e-02
0.000000000000000000e+00 -1.576510000000000034e+01 4.095000000000000029e-02
0.000000000000000000e+00 -1.555525000000000091e+01 3.965000000000000469e-02
0.000000000000000000e+00 -1.537129999999999974e+01 3.955000000000000182e-02
0.000000000000000000e+00 -1.516000000000000014e+01 4.105000000000000315e-02
0.000000000000000000e+00 -1.495730000000000004e+01 4.074999999999999456e-02
0.000000000000000000e+00 -1.477064999999999984e+01 4.164999999999999952e-02
0.000000000000000000e+00 -1.455680000000000085e+01 4.015000000000000513e-02
0.000000000000000000e+00 -1.436439999999999984e+01 4.014999999999999819e-02
0.000000000000000000e+00 -1.415799999999999947e+01 4.130000000000000338e-02
0.000000000000000000e+00 -1.396560000000000024e+01 4.049999999999999434e-02
0.000000000000000000e+00 -1.376119999999999877e+01 4.309999999999999942e-02
0.000000000000000000e+00 -1.355475000000000030e+01 4.270000000000000184e-02
0.000000000000000000e+00 -1.337610000000000099e+01 4.075000000000000150e-02
0.000000000000000000e+00 -1.315910000000000046e+01 3.939999999999999752e-02
0.000000000000000000e+00 -1.296035000000000004e+01 3.999999999999999389e-02
0.000000000000000000e+00 -1.276320000000000121e+01 4.070000000000000007e-02
0.000000000000000000e+00 -1.256020000000000003e+01 4.470000000000000362e-02
0.000000000000000000e+00 -1.236364999999999981e+01 4.725000000000000033e-02
0.000000000000000000e+00 -1.215494999999999948e+01 5.884999999999999953e-02
0.000000000000000000e+00 -1.197049999999999947e+01 6.790000000000000202e-02
0.000000000000000000e+00 -1.175910000000000011e+01 8.165000000000000036e-02
0.000000000000000000e+00 -1.155620000000000047e+01 1.031499999999999917e-01
0.000000000000000000e+00 -1.136779999999999902e+01 1.244500000000000051e-01
0.000000000000000000e+00 -1.115370000000000061e+01 1.558499999999999885e-01
0.000000000000000000e+00 -1.096720000000000006e+01 1.830999999999999850e-01
0.000000000000000000e+00 -1.075600000000000023e+01 2.334499999999999909e-01
0.000000000000000000e+00 -1.057414999999999949e+01 2.726999999999999980e-01
0.000000000000000000e+00 -1.036180000000000057e+01 3.475000000000000311e-01
0.000000000000000000e+00 -1.015455000000000041e+01 3.989500000000000268e-01
0.000000000000000000e+00 -9.972599999999999909e+00 4.732000000000000095e-01
0.000000000000000000e+00 -9.753599999999998715e+00 5.536999999999999700e-01
0.000000000000000000e+00 -9.563299999999999912e+00 5.827499999999999902e-01
0.000000000000000000e+00 -9.360050000000001091e+00 6.572500000000000009e-01
0.000000000000000000e+00 -9.167300000000000892e+00 7.953500000000000014e-01
0.000000000000000000e+00 -8.961950000000001637e+00 8.516000000000000236e-01
0.000000000000000000e+00 -8.754350000000000520e+00 9.983999999999999542e-01
0.000000000000000000e+00 -8.576100000000000279e+00 1.072249999999999925e+00
0.000000000000000000e+00 -8.357450000000000045e+00 1.250999999999999890e+00
0.000000000000000000e+00 -8.163350000000001216e+00 1.337699999999999889e+00
0.000000000000000000e+00 -7.961949999999999861e+00 1.467449999999999921e+00
0.000000000000000000e+00 -7.760450000000000514e+00 1.626700000000000035e+00
0.000000000000000000e+00 -7.561949999999999505e+00 1.914349999999999996e+00
0.000000000000000000e+00 -7.354700000000000237e+00 2.089649999999999785e+00
0.000000000000000000e+00 -7.169550000000000090e+00 2.261700000000000266e+00
0.000000000000000000e+00 -6.958849999999999980e+00 2.465650000000000119e+00
0.000000000000000000e+00 -6.755700000000000038e+00 2.649849999999999817e+00
0.000000000000000000e+00 -6.571550000000000225e+00 2.765249999999999986e+00
0.000000000000000000e+00 -6.358399999999999608e+00 2.912049999999999805e+00
0.000000000000000000e+00 -6.166500000000000092e+00 2.940150000000000041e+00
0.000000000000000000e+00 -5.958099999999999952e+00 3.011599999999999611e+00
0.000000000000000000e+00 -5.768150000000000333e+00 3.092600000000000016e+00
0.000000000000000000e+00 -5.560299999999999798e+00 3.095299999999999940e+00
0.000000000000000000e+00 -5.352999999999999758e+00 3.100999999999999979e+00
0.000000000000000000e+00 -5.171450000000000102e+00 3.082250000000000156e+00
0.000000000000000000e+00 -4.954200000000000159e+00 2.990450000000000053e+00
0.000000000000000000e+00 -4.764300000000000423e+00 2.972800000000000331e+00
0.000000000000000000e+00 -4.558500000000000441e+00 2.824849999999999639e+00
0.000000000000000000e+00 -4.365550000000000708e+00 2.778349999999999653e+00
0.000000000000000000e+00 -4.164049999999999585e+00 2.694449999999999790e+00
0.000000000000000000e+00 -3.955950000000000077e+00 2.670900000000000052e+00
0.000000000000000000e+00 -3.777149999999999785e+00 2.493999999999999773e+00
0.000000000000000000e+00 -3.556400000000000006e+00 2.274550000000000072e+00
0.000000000000000000e+00 -3.361450000000000049e+00 2.225950000000000095e+00
0.000000000000000000e+00 -3.160250000000000004e+00 2.083750000000000213e+00
0.000000000000000000e+00 -2.960049999999999848e+00 1.876449999999999951e+00
0.000000000000000000e+00 -2.763250000000000206e+00 1.724150000000000071e+00
0.000000000000000000e+00 -2.555400000000000116e+00 1.546349999999999891e+00
0.000000000000000000e+00 -2.374349999999999739e+00 1.388450000000000184e+00
0.000000000000000000e+00 -2.161100000000000243e+00 1.279150000000000009e+00
0.000000000000000000e+00 -1.957949999999999857e+00 1.166050000000000031e+00
0.000000000000000000e+00 -1.767500000000000071e+00 1.071150000000000047e+00
0.000000000000000000e+00 -1.557850000000000179e+00 9.818999999999999950e-01
0.000000000000000000e+00 -1.362849999999999895e+00 8.764000000000000679e-01
0.000000000000000000e+00 -1.158500000000000085e+00 7.935499999999999776e-01
0.000000000000000000e+00 -9.685000000000000275e-01 7.181500000000000661e-01
0.000000000000000000e+00 -7.591499999999999915e-01 5.953500000000000458e-01
0.000000000000000000e+00 -5.527500000000000746e-01 5.390500000000000291e-01
0.000000000000000000e+00 -3.756000000000000449e-01 4.608499999999999819e-01
0.000000000000000000e+00 -1.533499999999999863e-01 3.556000000000000272e-01
0.000000000000000000e+00 3.359999999999999792e-02 3.283500000000000307e-01
0.000000000000000000e+00 2.383500000000000063e-01 2.928499999999999992e-01
0.000000000000000000e+00 4.341000000000000414e-01 2.470999999999999863e-01
0.000000000000000000e+00 6.358000000000000318e-01 2.178499999999999881e-01
0.000000000000000000e+00 8.490999999999999659e-01 1.808500000000000107e-01
0.000000000000000000e+00 1.025900000000000034e+00 1.525499999999999912e-01
0.000000000000000000e+00 1.244800000000000129e+00 1.200999999999999984e-01
0.000000000000000000e+00 1.440449999999999786e+00 1.015500000000000014e-01
0.000000000000000000e+00 1.634700000000000042e+00 8.730000000000000260e-02
0.000000000000000000e+00 1.840000000000000080e+00 7.409999999999999920e-02
0.000000000000000000e+00 2.037700000000000067e+00 5.974999999999999756e-02
0.000000000000000000e+00 2.244099999999999984e+00 5.219999999999999640e-02
0.000000000000000000e+00 2.425950000000000273e+00 4.700000000000000011e-02
0.000000000000000000e+00 2.639999999999999680e+00 4.630000000000000088e-02
0.000000000000000000e+00 2.841800000000000104e+00 4.435000000000000053e-02
0.000000000000000000e+00 3.033649999999999736e+00 4.189999999999999974e-02
0.000000000000000000e+00 3.241900000000000226e+00 4.415000000000000174e-02
0.000000000000000000e+00 3.439400000000000013e+00 4.234999999999999876e-02
0.000000000000000000e+00 3.641099999999999781e+00 3.834999999999999520e-02
0.000000000000000000e+00 3.837900000000000311e+00 4.109999999999999765e-02
0.000000000000000000e+00 4.037449999999999761e+00 3.944999999999999896e-02
0.000000000000000000e+00 4.247099999999999653e+00 4.005000000000000226e-02
0.000000000000000000e+00 4.423899999999999721e+00 4.015000000000000513e-02
0.000000000000000000e+00 4.643549999999999400e+00 3.910000000000000281e-02
0.000000000000000000e+00 4.836949999999999861e+00 4.005000000000000226e-02
0.000000000000000000e+00 5.037399999999999878e+00 3.834999999999999520e-02
0.000000000000000000e+00 5.242750000000000021e+00 4.044999999999999984e-02
0.000000000000000000e+00 5.436300000000000132e+00 4.049999999999999434e-02
0.000000000000000000e+00 5.649150000000000560e+00 4.039999999999999841e-02
0.000000000000000000e+00 5.826100000000000279e+00 3.840000000000000357e-02
0.000000000000000000e+00 6.042950000000000266e+00 3.950000000000000039e-02
0.000000000000000000e+00 6.239300000000000068e+00 4.005000000000000226e-02
0.000000000000000000e+00 6.434250000000000469e+00 3.980000000000000204e-02
0.000000000000000000e+00 6.641550000000000509e+00 3.794999999999999762e-02
0.000000000000000000e+00 6.832200000000000273e+00 3.869999999999999829e-02
0.000000000000000000e+00 7.043749999999999289e+00 4.030000000000000249e-02
0.000000000000000000e+00 7.221049999999999969e+00 3.805000000000000049e-02
0.000000000000000000e+00 7.441150000000000375e+00 3.915000000000000424e-02
0.000000000000000000e+00 7.642450000000000188e+00 3.909999999999999587e-02
0.000000000000000000e+00 7.833849999999999980e+00 3.819999999999999785e-02
0.000000000000000000e+00 8.043499999999999872e+00 3.980000000000000204e-02
0.000000000000000000e+00 8.235800000000001120e+00 3.919999999999999873e-02
0.000000000000000000e+00 8.441300000000000026e+00 3.969999999999999918e-02
0.000000000000000000e+00 8.635349999999998971e+00 3.980000000000000204e-02
0.000000000000000000e+00 8.838800000000000878e+00 4.000000000000000083e-02
0.000000000000000000e+00 9.046849999999999170e+00 4.240000000000000019e-02
0.000000000000000000e+00 9.227000000000000313e+00 4.000000000000000083e-02
0.000000000000000000e+00 9.443200000000000927e+00 3.980000000000000204e-02
0.000000000000000000e+00 9.637750000000000483e+00 4.014999999999999819e-02
0.000000000000000000e+00 9.837350000000000705e+00 4.214999999999999997e-02
0.000000000000000000e+00 1.004039999999999999e+01 4.000000000000000083e-02
0.000000000000000000e+00 1.023590000000000089e+01 4.055000000000000271e-02
0.000000000000000000e+00 1.044774999999999920e+01 4.174999999999999545e-02
0.000000000000000000e+00 1.062215000000000131e+01 4.105000000000000315e-02
0.000000000000000000e+00 1.084394999999999953e+01 4.155000000000000360e-02
0.000000000000000000e+00 1.103699999999999903e+01 4.309999999999999942e-02
0.000000000000000000e+00 1.123145000000000060e+01 4.034999999999999698e-02
0.000000000000000000e+00 1.144164999999999921e+01 4.064999999999999863e-02
0.000000000000000000e+00 1.163480000000000025e+01 4.084999999999999742e-02
0.000000000000000000e+00 1.184830000000000005e+01 4.214999999999999997e-02
0.000000000000000000e+00 1.203024999999999878e+01 4.245000000000000162e-02
0.000000000000000000e+00 1.224194999999999922e+01 3.980000000000000204e-02
0.000000000000000000e+00 1.244420000000000037e+01 4.030000000000000249e-02
0.000000000000000000e+00 1.263124999999999964e+01 4.070000000000000007e-02
0.000000000000000000e+00 1.284410000000000096e+01 3.859999999999999543e-02
0.000000000000000000e+00 1.303880000000000017e+01 4.049999999999999434e-02
0.000000000000000000e+00 1.324000000000000021e+01 4.019999999999999962e-02
0.000000000000000000e+00 1.343464999999999954e+01 4.134999999999999787e-02
0.000000000000000000e+00 1.363775000000000048e+01 4.044999999999999984e-02
0.000000000000000000e+00 1.384525000000000006e+01 4.089999999999999886e-02
0.000000000000000000e+00 1.402965000000000018e+01 4.084999999999999742e-02
0.000000000000000000e+00 1.424204999999999899e+01 3.934999999999999609e-02
0.000000000000000000e+00 1.444209999999999994e+01 3.980000000000000204e-02
0.000000000000000000e+00 1.463700000000000045e+01 4.005000000000000226e-02
0.000000000000000000e+00 1.484179999999999922e+01 3.989999999999999797e-02
0.000000000000000000e+00 1.503209999999999980e+01 3.909999999999999587e-02
0.000000000000000000e+00 1.524624999999999986e+01 4.105000000000000315e-02
0.000000000000000000e+00 1.542084999999999972e+01 4.059999999999999720e-02
0.000000000000000000e+00 1.564024999999999999e+01 4.214999999999999997e-02
0.000000000000000000e+00 1.584140000000000015e+01 4.039999999999999841e-02
0.000000000000000000e+00 1.603275000000000006e+01 4.134999999999999787e-02
0.000000000000000000e+00 1.624674999999999869e+01 4.305000000000000493e-02
0.000000000000000000e+00 1.643475000000000108e+01 4.159999999999999809e-02
0.000000000000000000e+00 1.664665000000000106e+01 4.084999999999999742e-02
0.000000000000000000e+00 1.682724999999999937e+01 4.089999999999999886e-02
0.000000000000000000e+00 1.704319999999999879e+01 3.915000000000000424e-02
0.000000000000000000e+00 1.724579999999999913e+01 4.134999999999999787e-02
0.000000000000000000e+00 1.742950000000000088e+01 3.984999999999999654e-02
0.000000000000000000e+00 1.764294999999999902e+01 4.059999999999999720e-02
0.000000000000000000e+00 1.783449999999999847e+01 3.934999999999999609e-02
0.000000000000000000e+00 1.803940000000000055e+01 4.039999999999999841e-02
0.000000000000000000e+00 1.823450000000000060e+01 3.975000000000000061e-02
0.000000000000000000e+00 1.843959999999999866e+01 4.070000000000000007e-02
0.000000000000000000e+00 1.864414999999999978e+01 4.065000000000000557e-02
0.000000000000000000e+00 1.882874999999999943e+01 3.890000000000000402e-02
0.000000000000000000e+00 1.904400000000000048e+01 4.009999999999999676e-02
0.000000000000000000e+00 1.924284999999999712e+01 4.065000000000000557e-02
0.000000000000000000e+00 1.943469999999999942e+01 4.059999999999999720e-02
0.000000000000000000e+00 1.964325000000000188e+01 3.880000000000000115e-02
0.000000000000000000e+00 1.983424999999999727e+01 4.180000000000000382e-02
0.000000000000000000e+00 1.999650000000000105e+01 4.064999999999999863e-02
