0.000000000000000000e+00 -1.975424999999999898e+01 4.124999999999999500e-02
0.000000000000000000e+00 -1.956935000000000002e+01 4.039999999999999841e-02
0.000000000000000000e+00 -1.935645000000000238e+01 3.980000000000000204e-02
0.000000000000000000e+00 -1.916580000000000084e+01 4.390000000000000152e-02
0.000000000000000000e+00 -1.895785000000000053e+01 4.070000000000000007e-02
0.000000000000000000e+00 -1.876955000000000240e+01 4.209999999999999853e-02
0.000000000000000000e+00 -1.856255000000000166e+01 4.090000000000000580e-02
0.000000000000000000e+00 -1.835584999999999667e+01 4.145000000000000073e-02
0.000000000000000000e+00 -1.817279999999999873e+01 4.059999999999999720e-02
0.000000000000000000e+00 -1.795560000000000045e+01 4.064999999999999863e-02
0.000000000000000000e+00 -1.775965000000000060e+01 4.120000000000000051e-02
0.000000000000000000e+00 -1.756289999999999907e+01 4.105000000000000315e-02
0.000000000000000000e+00 -1.735869999999999891e+01 4.214999999999999997e-02
0.000000000000000000e+00 -1.716619999999999990e+01 4.184999999999999831e-02
0.000000000000000000e+00 -1.695369999999999777e+01 4.230000000000000426e-02
0.000000000000000000e+00 -1.677165000000000106e+01 4.120000000000000051e-02
0.000000000000000000e+00 -1.655870000000000175e+01 4.270000000000000184e-02
0.000000000000000000e+00 -1.635564999999999714e+01 4.290000000000000063e-02
0.000000000000000000e+00 -1.616529999999999845e+01 4.290000000000000063e-02
0.000000000000000000e+00 -1.595325000000000060e+01 4.649999999999999967e-02
0.000000000000000000e+00 -1.576474999999999937e+01 4.624999999999999944e-02
0.000000000000000000e+00 -1.555429999999999957e+01 4.850000000000000144e-02
0.000000000000000000e+00 -1.537069999999999936e+01 5.144999999999999574e-02
0.000000000000000000e+00 -1.515840000000000032e+01 5.440000000000000391e-02
0.000000000000000000e+00 -1.495739999999999981e+01 5.385000000000000203e-02
0.000000000000000000e+00 -1.476984999999999992e+01 5.575000000000000094e-02
0.000000000000000000e+00 -1.455589999999999939e+01 5.934999999999999998e-02
0.000000000000000000e+00 -1.436340000000000039e+01 6.155000000000000054e-02
0.000000000000000000e+00 -1.415664999999999907e+01 6.435000000000000442e-02
0.000000000000000000e+00 -1.396545000000000059e+01 7.030000000000000138e-02
0.000000000000000000e+00 -1.376919999999999966e+01 7.614999999999999547e-02
0.000000000000000000e+00 -1.355324999999999847e+01 8.485000000000000875e-02
0.000000000000000000e+00 -1.337389999999999901e+01 9.435000000000000331e-02
0.000000000000000000e+00 -1.315770000000000017e+01 1.131999999999999951e-01
0.000000000000000000e+00 -1.296140000000000114e+01 1.263500000000000179e-01
0.000000000000000000e+00 -1.276219999999999999e+01 1.486500000000000044e-01
0.000000000000000000e+00 -1.255949999999999989e+01 1.669499999999999873e-01
0.000000000000000000e+00 -1.236255000000000059e+01 1.905999999999999917e-01
0.000000000000000000e+00 -1.215445000000000064e+01 2.085000000000000187e-01
0.000000000000000000e+00 -1.197204999999999941e+01 2.322000000000000175e-01
0.000000000000000000e+00 -1.175809999999999889e+01 2.564999999999999503e-01
0.000000000000000000e+00 -1.155494999999999983e+01 2.943000000000000060e-01
0.000000000000000000e+00 -1.136664999999999992e+01 3.441499999999999559e-01
0.000000000000000000e+00 -1.115399999999999991e+01 3.887999999999999790e-01
0.000000000000000000e+00 -1.096600000000000108e+01 4.430999999999999939e-01
0.000000000000000000e+00 -1.075560000000000116e+01 5.372500000000000053e-01
0.000000000000000000e+00 -1.057420000000000115e+01 6.346499999999999364e-01
0.000000000000000000e+00 -1.036050000000000004e+01 6.989499999999999602e-01
0.000000000000000000e+00 -1.015409999999999968e+01 7.842000000000000082e-01
0.000000000000000000e+00 -9.972149999999999181e+00 8.708000000000000185e-01
0.000000000000000000e+00 -9.752349999999999852e+00 9.458999999999999631e-01
0.000000000000000000e+00 -9.562950000000000728e+00 9.987000000000000322e-01
0.000000000000000000e+00 -9.359099999999999753e+00 1.133649999999999824e+00
0.000000000000000000e+00 -9.166000000000000369e+00 1.248349999999999849e+00
0.000000000000000000e+00 -8.959899999999999309e+00 1.395199999999999996e+00
0.000000000000000000e+00 -8.753750000000000142e+00 1.516250000000000098e+00
0.000000000000000000e+00 -8.574799999999999756e+00 1.730199999999999960e+00
0.000000000000000000e+00 -8.357199999999998852e+00 1.905100000000000016e+00
0.000000000000000000e+00 -8.162100000000000577e+00 2.128700000000000259e+00
0.000000000000000000e+00 -7.961850000000000094e+00 2.219100000000000072e+00
0.000000000000000000e+00 -7.759249999999999758e+00 2.352000000000000313e+00
0.000000000000000000e+00 -7.561149999999999594e+00 2.408999999999999808e+00
0.000000000000000000e+00 -7.353950000000000209e+00 2.466699999999999893e+00
0.000000000000000000e+00 -7.168250000000000455e+00 2.540899999999999714e+00
0.000000000000000000e+00 -6.956599999999999895e+00 2.597100000000000186e+00
0.000000000000000000e+00 -6.755600000000000271e+00 2.588499999999999801e+00
0.000000000000000000e+00 -6.569950000000000401e+00 2.602700000000000014e+00
0.000000000000000000e+00 -6.357149999999999856e+00 2.539250000000000007e+00
0.000000000000000000e+00 -6.164699999999999847e+00 2.527350000000000207e+00
0.000000000000000000e+00 -5.957950000000000301e+00 2.451000000000000068e+00
0.000000000000000000e+00 -5.766799999999999926e+00 2.408700000000000063e+00
0.000000000000000000e+00 -5.560499999999999332e+00 2.367099999999999760e+00
0.000000000000000000e+00 -5.352999999999999758e+00 2.282150000000000123e+00
0.000000000000000000e+00 -5.170700000000000074e+00 2.283599999999999852e+00
0.000000000000000000e+00 -4.954100000000000392e+00 2.201600000000000001e+00
0.000000000000000000e+00 -4.763700000000000045e+00 2.175349999999999895e+00
0.000000000000000000e+00 -4.558199999999999363e+00 2.068200000000000038e+00
0.000000000000000000e+00 -4.361299999999999955e+00 2.006600000000000161e+00
0.000000000000000000e+00 -4.163299999999999557e+00 1.937149999999999928e+00
0.000000000000000000e+00 -3.954250000000000043e+00 1.874950000000000117e+00
0.000000000000000000e+00 -3.777600000000000069e+00 1.758999999999999897e+00
0.000000000000000000e+00 -3.554549999999999876e+00 1.733950000000000102e+00
0.000000000000000000e+00 -3.360050000000000203e+00 1.593900000000000095e+00
0.000000000000000000e+00 -3.160499999999999865e+00 1.510599999999999943e+00
0.000000000000000000e+00 -2.957749999999999879e+00 1.438450000000000006e+00
0.000000000000000000e+00 -2.761899999999999800e+00 1.371750000000000025e+00
0.000000000000000000e+00 -2.555250000000000021e+00 1.231399999999999828e+00
0.000000000000000000e+00 -2.372199999999999864e+00 1.197349999999999914e+00
0.000000000000000000e+00 -2.159950000000000259e+00 1.139149999999999885e+00
0.000000000000000000e+00 -1.957149999999999945e+00 1.074300000000000033e+00
0.000000000000000000e+00 -1.766699999999999937e+00 9.800499999999999767e-01
0.000000000000000000e+00 -1.556849999999999845e+00 9.034999999999999698e-01
0.000000000000000000e+00 -1.363599999999999923e+00 8.527500000000000080e-01
0.000000000000000000e+00 -1.157499999999999973e+00 7.814999999999999725e-01
0.000000000000000000e+00 -9.684500000000000330e-01 8.027500000000000746e-01
0.000000000000000000e+00 -7.593499999999999694e-01 6.996999999999999886e-01
0.000000000000000000e+00 -5.510500000000000398e-01 6.664999999999999813e-01
0.000000000000000000e+00 -3.748000000000000220e-01 6.149000000000000021e-01
0.000000000000000000e+00 -1.519000000000000072e-01 5.412000000000000144e-01
0.000000000000000000e+00 3.485000000000000597e-02 4.896000000000000352e-01
0.000000000000000000e+00 2.393500000000000072e-01 4.616999999999999993e-01
0.000000000000000000e+00 4.357499999999999707e-01 4.199999999999999845e-01
0.000000000000000000e+00 6.361499999999999932e-01 3.926999999999999935e-01
0.000000000000000000e+00 8.487999999999999989e-01 3.513000000000000012e-01
0.000000000000000000e+00 1.025500000000000078e+00 3.136499999999999844e-01
0.000000000000000000e+00 1.246499999999999941e+00 2.852500000000000036e-01
0.000000000000000000e+00 1.440449999999999786e+00 2.609000000000000208e-01
0.000000000000000000e+00 1.636050000000000004e+00 2.318999999999999950e-01
0.000000000000000000e+00 1.841599999999999904e+00 2.066999999999999948e-01
0.000000000000000000e+00 2.036399999999999988e+00 1.964500000000000135e-01
0.000000000000000000e+00 2.246300000000000185e+00 1.776000000000000079e-01
0.000000000000000000e+00 2.427049999999999930e+00 1.666500000000000203e-01
0.000000000000000000e+00 2.640150000000000219e+00 1.550500000000000211e-01
0.000000000000000000e+00 2.841700000000000337e+00 1.445000000000000173e-01
0.000000000000000000e+00 3.035050000000000026e+00 1.329500000000000126e-01
0.000000000000000000e+00 3.242399999999999949e+00 1.255999999999999894e-01
0.000000000000000000e+00 3.440649999999999764e+00 1.159999999999999920e-01
0.000000000000000000e+00 3.641750000000000043e+00 1.082499999999999990e-01
0.000000000000000000e+00 3.839000000000000412e+00 9.854999999999999871e-02
0.000000000000000000e+00 4.039649999999999963e+00 9.089999999999999469e-02
0.000000000000000000e+00 4.247899999999999565e+00 8.719999999999999973e-02
0.000000000000000000e+00 4.425499999999999545e+00 8.644999999999999907e-02
0.000000000000000000e+00 4.645599999999999952e+00 7.710000000000000187e-02
0.000000000000000000e+00 4.837550000000000239e+00 7.115000000000000491e-02
0.000000000000000000e+00 5.038350000000000328e+00 6.715000000000000135e-02
0.000000000000000000e+00 5.243900000000000006e+00 6.300000000000000044e-02
0.000000000000000000e+00 5.437549999999999883e+00 5.889999999999999403e-02
0.000000000000000000e+00 5.649650000000000283e+00 5.555000000000000215e-02
0.000000000000000000e+00 5.825250000000000483e+00 4.895000000000000046e-02
0.000000000000000000e+00 6.042400000000000659e+00 4.669999999999999846e-02
0.000000000000000000e+00 6.240400000000000169e+00 4.549999999999999878e-02
0.000000000000000000e+00 6.435349999999999682e+00 4.564999999999999614e-02
0.000000000000000000e+00 6.641799999999999926e+00 4.259999999999999898e-02
0.000000000000000000e+00 6.833450000000000024e+00 4.329999999999999821e-02
0.000000000000000000e+00 7.043899999999999828e+00 4.175000000000000239e-02
0.000000000000000000e+00 7.224650000000000460e+00 4.134999999999999787e-02
0.000000000000000000e+00 7.443099999999999383e+00 4.000000000000000083e-02
0.000000000000000000e+00 7.644549999999999734e+00 3.934999999999999609e-02
0.000000000000000000e+00 7.833450000000000024e+00 4.224999999999999589e-02
0.000000000000000000e+00 8.044600000000000861e+00 4.180000000000000382e-02
0.000000000000000000e+00 8.236250000000000071e+00 4.170000000000000095e-02
0.000000000000000000e+00 8.442299999999999471e+00 4.059999999999999720e-02
0.000000000000000000e+00 8.636600000000001387e+00 4.234999999999999876e-02
0.000000000000000000e+00 8.840250000000001052e+00 4.105000000000000315e-02
0.000000000000000000e+00 9.047100000000000364e+00 3.869999999999999829e-02
0.000000000000000000e+00 9.229400000000000048e+00 3.994999999999999940e-02
0.000000000000000000e+00 9.443750000000001421e+00 3.965000000000000469e-02
0.000000000000000000e+00 9.639150000000000773e+00 3.944999999999999896e-02
0.000000000000000000e+00 9.838200000000000500e+00 3.994999999999999940e-02
0.000000000000000000e+00 1.004165000000000063e+01 3.905000000000000138e-02
0.000000000000000000e+00 1.023665000000000092e+01 4.019999999999999962e-02
0.000000000000000000e+00 1.044725000000000037e+01 3.944999999999999896e-02
0.000000000000000000e+00 1.060810000000000031e+01 3.840000000000000357e-02
0.000000000000000000e+00 1.084365000000000023e+01 3.930000000000000160e-02
0.000000000000000000e+00 1.104039999999999999e+01 3.729999999999999982e-02
0.000000000000000000e+00 1.123124999999999929e+01 3.959999999999999631e-02
0.000000000000000000e+00 1.144089999999999918e+01 3.919999999999999873e-02
0.000000000000000000e+00 1.163734999999999964e+01 3.994999999999999940e-02
0.000000000000000000e+00 1.184849999999999959e+01 3.959999999999999631e-02
0.000000000000000000e+00 1.203100000000000058e+01 3.950000000000000039e-02
0.000000000000000000e+00 1.224394999999999989e+01 3.910000000000000281e-02
0.000000000000000000e+00 1.244359999999999999e+01 4.039999999999999841e-02
0.000000000000000000e+00 1.263100000000000023e+01 3.894999999999999851e-02
0.000000000000000000e+00 1.284595000000000020e+01 3.880000000000000115e-02
0.000000000000000000e+00 1.303760000000000119e+01 4.000000000000000083e-02
0.000000000000000000e+00 1.324050000000000082e+01 3.865000000000000380e-02
0.000000000000000000e+00 1.343614999999999959e+01 3.944999999999999896e-02
0.000000000000000000e+00 1.363804999999999978e+01 3.885000000000000259e-02
0.000000000000000000e+00 1.384680000000000000e+01 3.964999999999999775e-02
0.000000000000000000e+00 1.403025000000000055e+01 3.975000000000000061e-02
0.000000000000000000e+00 1.424259999999999948e+01 3.844999999999999807e-02
0.000000000000000000e+00 1.444249999999999901e+01 4.014999999999999819e-02
0.000000000000000000e+00 1.463739999999999952e+01 3.969999999999999918e-02
0.000000000000000000e+00 1.484154999999999980e+01 4.095000000000000029e-02
0.000000000000000000e+00 1.503320000000000078e+01 3.899999999999999994e-02
0.000000000000000000e+00 1.524664999999999893e+01 3.915000000000000424e-02
0.000000000000000000e+00 1.542129999999999868e+01 3.874999999999999972e-02
0.000000000000000000e+00 1.564119999999999955e+01 4.005000000000000226e-02
0.000000000000000000e+00 1.584090000000000131e+01 4.015000000000000513e-02
0.000000000000000000e+00 1.603280000000000172e+01 3.850000000000000644e-02
0.000000000000000000e+00 1.624859999999999971e+01 3.955000000000000182e-02
0.000000000000000000e+00 1.643560000000000088e+01 3.944999999999999896e-02
0.000000000000000000e+00 1.664585000000000292e+01 3.984999999999999654e-02
0.000000000000000000e+00 1.682795000000000130e+01 4.075000000000000150e-02
0.000000000000000000e+00 1.704400000000000048e+01 4.055000000000000271e-02
0.000000000000000000e+00 1.724634999999999962e+01 3.819999999999999785e-02
0.000000000000000000e+00 1.743110000000000070e+01 4.095000000000000029e-02
0.000000000000000000e+00 1.764260000000000161e+01 4.105000000000000315e-02
0.000000000000000000e+00 1.783689999999999998e+01 3.880000000000000115e-02
0.000000000000000000e+00 1.804090000000000060e+01 3.934999999999999609e-02
0.000000000000000000e+00 1.823425000000000296e+01 3.799999999999999906e-02
0.000000000000000000e+00 1.844095000000000084e+01 4.175000000000000239e-02
0.000000000000000000e+00 1.864565000000000339e+01 4.249999999999999611e-02
0.000000000000000000e+00 1.882874999999999943e+01 4.080000000000000293e-02
0.000000000000000000e+00 1.904359999999999786e+01 4.124999999999999500e-02
0.000000000000000000e+00 1.924510000000000076e+01 3.865000000000000380e-02
0.000000000000000000e+00 1.943565000000000254e+01 3.969999999999999918e-02
0.000000000000000000e+00 1.964280000000000115e+01 4.050000000000000128e-02
0.000000000000000000e+00 1.983559999999999945e+01 3.934999999999999609e-02
0.000000000000000000e+00 1.999650000000000105e+01 4.120000000000000051e-02
