0.000000000000000000e+00 -1.975489999999999924e+01 4.134999999999999787e-02
0.000000000000000000e+00 -1.956935000000000002e+01 3.980000000000000204e-02
0.000000000000000000e+00 -1.935725000000000051e+01 3.950000000000000039e-02
0.000000000000000000e+00 -1.916644999999999754e+01 3.975000000000000061e-02
0.000000000000000000e+00 -1.895964999999999989e+01 3.975000000000000061e-02
0.000000000000000000e+00 -1.877094999999999914e+01 4.040000000000000535e-02
0.000000000000000000e+00 -1.856275000000000119e+01 4.050000000000000128e-02
0.000000000000000000e+00 -1.835535000000000139e+01 3.940000000000000446e-02
0.000000000000000000e+00 -1.817389999999999972e+01 3.915000000000000424e-02
0.000000000000000000e+00 -1.795714999999999861e+01 4.049999999999999434e-02
0.000000000000000000e+00 -1.775994999999999990e+01 4.019999999999999962e-02
0.000000000000000000e+00 -1.756275000000000119e+01 4.130000000000000338e-02
0.000000000000000000e+00 -1.736220000000000141e+01 3.915000000000000424e-02
0.000000000000000000e+00 -1.716525000000000034e+01 4.290000000000000063e-02
0.000000000000000000e+00 -1.695344999999999658e+01 4.109999999999999765e-02
0.000000000000000000e+00 -1.677270000000000039e+01 4.124999999999999500e-02
0.000000000000000000e+00 -1.655754999999999910e+01 4.214999999999999997e-02
0.000000000000000000e+00 -1.635750000000000171e+01 4.019999999999999962e-02
0.000000000000000000e+00 -1.616544999999999987e+01 4.134999999999999787e-02
0.000000000000000000e+00 -1.595435000000000159e+01 4.195000000000000118e-02
0.000000000000000000e+00 -1.576449999999999996e+01 4.515000000000000263e-02
0.000000000000000000e+00 -1.555450000000000088e+01 4.964999999999999969e-02
0.000000000000000000e+00 -1.537235000000000085e+01 5.730000000000000371e-02
0.000000000000000000e+00 -1.516005000000000003e+01 6.839999999999998859e-02
0.000000000000000000e+00 -1.495809999999999995e+01 8.515000000000000346e-02
0.000000000000000000e+00 -1.477125000000000021e+01 9.740000000000000047e-02
0.000000000000000000e+00 -1.455584999999999951e+01 1.146999999999999964e-01
0.000000000000000000e+00 -1.436479999999999890e+01 1.318000000000000005e-01
0.000000000000000000e+00 -1.415820000000000078e+01 1.475500000000000145e-01
0.000000000000000000e+00 -1.396604999999999919e+01 1.767500000000000182e-01
0.000000000000000000e+00 -1.376239999999999952e+01 2.004499999999999893e-01
0.000000000000000000e+00 -1.355410000000000004e+01 2.330000000000000127e-01
0.000000000000000000e+00 -1.337500000000000000e+01 2.494000000000000106e-01
0.000000000000000000e+00 -1.315915000000000035e+01 2.925999999999999712e-01
0.000000000000000000e+00 -1.296005000000000074e+01 3.617000000000000215e-01
0.000000000000000000e+00 -1.276295000000000002e+01 3.436000000000000165e-01
0.000000000000000000e+00 -1.255845000000000056e+01 3.711999999999999744e-01
0.000000000000000000e+00 -1.236319999999999908e+01 4.256999999999999673e-01
0.000000000000000000e+00 -1.215489999999999959e+01 4.807500000000000107e-01
0.000000000000000000e+00 -1.197104999999999997e+01 4.873500000000000054e-01
0.000000000000000000e+00 -1.175929999999999964e+01 5.409999999999999254e-01
0.000000000000000000e+00 -1.155509999999999948e+01 5.746999999999999886e-01
0.000000000000000000e+00 -1.136715000000000053e+01 6.010999999999999677e-01
0.000000000000000000e+00 -1.115384999999999849e+01 6.654999999999999805e-01
0.000000000000000000e+00 -1.096649999999999991e+01 7.157999999999999918e-01
0.000000000000000000e+00 -1.075619999999999976e+01 7.636000000000000565e-01
0.000000000000000000e+00 -1.057554999999999978e+01 7.941499999999999115e-01
0.000000000000000000e+00 -1.036100000000000065e+01 8.679499999999999993e-01
0.000000000000000000e+00 -1.015545000000000009e+01 9.472499999999999254e-01
0.000000000000000000e+00 -9.972350000000000492e+00 9.932000000000000828e-01
0.000000000000000000e+00 -9.753450000000000841e+00 1.095800000000000107e+00
0.000000000000000000e+00 -9.564799999999999969e+00 1.219149999999999956e+00
0.000000000000000000e+00 -9.359349999999999170e+00 1.279399999999999871e+00
0.000000000000000000e+00 -9.167650000000000077e+00 1.389000000000000012e+00
0.000000000000000000e+00 -8.962299999999999045e+00 1.563700000000000090e+00
0.000000000000000000e+00 -8.754750000000001364e+00 1.568049999999999944e+00
0.000000000000000000e+00 -8.572499999999999787e+00 1.626300000000000079e+00
0.000000000000000000e+00 -8.358000000000000540e+00 1.739549999999999930e+00
0.000000000000000000e+00 -8.161699999999999733e+00 1.777150000000000007e+00
0.000000000000000000e+00 -7.961299999999999599e+00 1.863499999999999934e+00
0.000000000000000000e+00 -7.760250000000000092e+00 1.914849999999999941e+00
0.000000000000000000e+00 -7.562249999999999694e+00 1.994050000000000100e+00
0.000000000000000000e+00 -7.354599999999999582e+00 2.042200000000000237e+00
0.000000000000000000e+00 -7.168849999999999945e+00 2.064799999999999969e+00
0.000000000000000000e+00 -6.958800000000000097e+00 2.146500000000000075e+00
0.000000000000000000e+00 -6.756899999999999906e+00 2.167899999999999938e+00
0.000000000000000000e+00 -6.570249999999999702e+00 2.259599999999999831e+00
0.000000000000000000e+00 -6.358100000000000307e+00 2.267500000000000071e+00
0.000000000000000000e+00 -6.167349999999999888e+00 2.287150000000000016e+00
0.000000000000000000e+00 -5.957600000000000229e+00 2.315249999999999808e+00
0.000000000000000000e+00 -5.767100000000000115e+00 2.306799999999999962e+00
0.000000000000000000e+00 -5.562450000000000117e+00 2.294799999999999951e+00
0.000000000000000000e+00 -5.353650000000000020e+00 2.284749999999999837e+00
0.000000000000000000e+00 -5.172000000000000597e+00 2.267149999999999999e+00
0.000000000000000000e+00 -4.954550000000000232e+00 2.257200000000000095e+00
0.000000000000000000e+00 -4.762249999999999872e+00 2.199699999999999989e+00
0.000000000000000000e+00 -4.559400000000000119e+00 2.194049999999999834e+00
0.000000000000000000e+00 -4.365949999999999775e+00 2.182350000000000012e+00
0.000000000000000000e+00 -4.165549999999999642e+00 2.105350000000000055e+00
0.000000000000000000e+00 -3.954900000000000304e+00 2.078149999999999942e+00
0.000000000000000000e+00 -3.776349999999999874e+00 2.021099999999999675e+00
0.000000000000000000e+00 -3.555899999999999839e+00 1.945500000000000007e+00
0.000000000000000000e+00 -3.360549999999999926e+00 1.843450000000000033e+00
0.000000000000000000e+00 -3.160800000000000054e+00 1.791500000000000092e+00
0.000000000000000000e+00 -2.959699999999999775e+00 1.702550000000000008e+00
0.000000000000000000e+00 -2.764000000000000234e+00 1.584200000000000053e+00
0.000000000000000000e+00 -2.556250000000000355e+00 1.488249999999999851e+00
0.000000000000000000e+00 -2.374900000000000233e+00 1.386900000000000022e+00
0.000000000000000000e+00 -2.159150000000000347e+00 1.263599999999999834e+00
0.000000000000000000e+00 -1.956749999999999989e+00 1.196950000000000180e+00
0.000000000000000000e+00 -1.768000000000000016e+00 1.096999999999999975e+00
0.000000000000000000e+00 -1.558499999999999996e+00 9.988500000000000156e-01
0.000000000000000000e+00 -1.363449999999999829e+00 8.631499999999999728e-01
0.000000000000000000e+00 -1.158150000000000013e+00 7.965499999999999803e-01
0.000000000000000000e+00 -9.690999999999999615e-01 7.441999999999999726e-01
0.000000000000000000e+00 -7.603500000000000814e-01 6.640500000000000291e-01
0.000000000000000000e+00 -5.529999999999999361e-01 6.241499999999999826e-01
0.000000000000000000e+00 -3.736500000000000377e-01 5.537499999999999645e-01
0.000000000000000000e+00 -1.534999999999999976e-01 5.117000000000000437e-01
0.000000000000000000e+00 3.345000000000000057e-02 4.706500000000000128e-01
0.000000000000000000e+00 2.370499999999999829e-01 4.314999999999999947e-01
0.000000000000000000e+00 4.348500000000000143e-01 3.881499999999999950e-01
0.000000000000000000e+00 6.360500000000000043e-01 3.461000000000000187e-01
0.000000000000000000e+00 8.483000000000000540e-01 3.135999999999999899e-01
0.000000000000000000e+00 1.025549999999999962e+00 2.767000000000000015e-01
0.000000000000000000e+00 1.246900000000000119e+00 2.402500000000000191e-01
0.000000000000000000e+00 1.439300000000000024e+00 2.108499999999999819e-01
0.000000000000000000e+00 1.635099999999999998e+00 1.954500000000000126e-01
0.000000000000000000e+00 1.840899999999999981e+00 1.707000000000000184e-01
0.000000000000000000e+00 2.035849999999999937e+00 1.444500000000000228e-01
0.000000000000000000e+00 2.243999999999999773e+00 1.238499999999999879e-01
0.000000000000000000e+00 2.427150000000000141e+00 1.091000000000000025e-01
0.000000000000000000e+00 2.639899999999999913e+00 9.220000000000000417e-02
0.000000000000000000e+00 2.842200000000000060e+00 7.105000000000000204e-02
0.000000000000000000e+00 3.034550000000000303e+00 6.065000000000000252e-02
0.000000000000000000e+00 3.242399999999999949e+00 5.094999999999999529e-02
0.000000000000000000e+00 3.438499999999999890e+00 4.460000000000000075e-02
0.000000000000000000e+00 3.641350000000000087e+00 4.234999999999999876e-02
0.000000000000000000e+00 3.835900000000000087e+00 3.840000000000000357e-02
0.000000000000000000e+00 4.037300000000000111e+00 3.975000000000000061e-02
0.000000000000000000e+00 4.248250000000000526e+00 4.070000000000000007e-02
0.000000000000000000e+00 4.424100000000000144e+00 4.084999999999999742e-02
0.000000000000000000e+00 4.643750000000000711e+00 3.930000000000000160e-02
0.000000000000000000e+00 4.835850000000000648e+00 3.899999999999999994e-02
0.000000000000000000e+00 5.038149999999999906e+00 3.784999999999999476e-02
0.000000000000000000e+00 5.242599999999999483e+00 3.939999999999999752e-02
0.000000000000000000e+00 5.436600000000000321e+00 3.955000000000000182e-02
0.000000000000000000e+00 5.647850000000000037e+00 4.134999999999999787e-02
0.000000000000000000e+00 5.824550000000000338e+00 3.959999999999999631e-02
0.000000000000000000e+00 6.042550000000000310e+00 4.130000000000000338e-02
0.000000000000000000e+00 6.238550000000000040e+00 4.030000000000000249e-02
0.000000000000000000e+00 6.435399999999999565e+00 4.064999999999999863e-02
0.000000000000000000e+00 6.640950000000000131e+00 4.115000000000000602e-02
0.000000000000000000e+00 6.834099999999999397e+00 3.939999999999999752e-02
0.000000000000000000e+00 7.044150000000000134e+00 4.055000000000000271e-02
0.000000000000000000e+00 7.221449999999999925e+00 4.065000000000000557e-02
0.000000000000000000e+00 7.441549999999999443e+00 3.805000000000000049e-02
0.000000000000000000e+00 7.643900000000000361e+00 3.984999999999999654e-02
0.000000000000000000e+00 7.832750000000000767e+00 3.980000000000000204e-02
0.000000000000000000e+00 8.045199999999999463e+00 3.975000000000000061e-02
0.000000000000000000e+00 8.236150000000000304e+00 3.905000000000000138e-02
0.000000000000000000e+00 8.441800000000000637e+00 3.969999999999999918e-02
0.000000000000000000e+00 8.635799999999999699e+00 3.944999999999999896e-02
0.000000000000000000e+00 8.838699999999999335e+00 3.950000000000000039e-02
0.000000000000000000e+00 9.045449999999998880e+00 4.070000000000000007e-02
0.000000000000000000e+00 9.226849999999998886e+00 4.100000000000000172e-02
0.000000000000000000e+00 9.442550000000000665e+00 3.880000000000000115e-02
0.000000000000000000e+00 9.639350000000000307e+00 4.270000000000000184e-02
0.000000000000000000e+00 9.836549999999999017e+00 4.290000000000000063e-02
0.000000000000000000e+00 1.004050000000000153e+01 4.230000000000000426e-02
0.000000000000000000e+00 1.023545000000000016e+01 4.205000000000000404e-02
0.000000000000000000e+00 1.044599999999999973e+01 4.205000000000000404e-02
0.000000000000000000e+00 1.062180000000000035e+01 4.355000000000000537e-02
0.000000000000000000e+00 1.084389999999999965e+01 4.134999999999999787e-02
0.000000000000000000e+00 1.103784999999999883e+01 3.905000000000000138e-02
0.000000000000000000e+00 1.123240000000000016e+01 3.994999999999999940e-02
0.000000000000000000e+00 1.144200000000000017e+01 3.994999999999999940e-02
0.000000000000000000e+00 1.163680000000000092e+01 3.944999999999999896e-02
0.000000000000000000e+00 1.184785000000000110e+01 3.869999999999999829e-02
0.000000000000000000e+00 1.202815000000000012e+01 4.055000000000000271e-02
0.000000000000000000e+00 1.224259999999999948e+01 3.824999999999999928e-02
0.000000000000000000e+00 1.244495000000000040e+01 4.000000000000000083e-02
0.000000000000000000e+00 1.263125000000000142e+01 4.014999999999999819e-02
0.000000000000000000e+00 1.284479999999999933e+01 3.964999999999999775e-02
0.000000000000000000e+00 1.303825000000000145e+01 3.944999999999999896e-02
0.000000000000000000e+00 1.323939999999999984e+01 3.765000000000000291e-02
0.000000000000000000e+00 1.343660000000000032e+01 3.805000000000000049e-02
0.000000000000000000e+00 1.363710000000000022e+01 3.989999999999999797e-02
0.000000000000000000e+00 1.384415000000000084e+01 3.850000000000000644e-02
0.000000000000000000e+00 1.403004999999999924e+01 4.145000000000000073e-02
0.000000000000000000e+00 1.424390000000000001e+01 4.055000000000000271e-02
0.000000000000000000e+00 1.444205000000000005e+01 3.984999999999999654e-02
0.000000000000000000e+00 1.463640000000000008e+01 4.200000000000000261e-02
0.000000000000000000e+00 1.484179999999999922e+01 3.994999999999999940e-02
0.000000000000000000e+00 1.503320000000000078e+01 4.009999999999999676e-02
0.000000000000000000e+00 1.524634999999999962e+01 4.049999999999999434e-02
0.000000000000000000e+00 1.542109999999999914e+01 4.064999999999999863e-02
0.000000000000000000e+00 1.564039999999999964e+01 3.964999999999999775e-02
0.000000000000000000e+00 1.584120000000000061e+01 4.230000000000000426e-02
0.000000000000000000e+00 1.603309999999999746e+01 4.155000000000000360e-02
0.000000000000000000e+00 1.624915000000000020e+01 4.124999999999999500e-02
0.000000000000000000e+00 1.643384999999999962e+01 4.080000000000000293e-02
0.000000000000000000e+00 1.664515000000000100e+01 3.969999999999999918e-02
0.000000000000000000e+00 1.682829999999999870e+01 4.230000000000000426e-02
0.000000000000000000e+00 1.704484999999999673e+01 3.989999999999999797e-02
0.000000000000000000e+00 1.724465000000000003e+01 4.170000000000000095e-02
0.000000000000000000e+00 1.743030000000000257e+01 4.180000000000000382e-02
0.000000000000000000e+00 1.764280000000000115e+01 4.155000000000000360e-02
0.000000000000000000e+00 1.783440000000000225e+01 3.984999999999999654e-02
0.000000000000000000e+00 1.804035000000000011e+01 4.074999999999999456e-02
0.000000000000000000e+00 1.823349999999999937e+01 4.254999999999999755e-02
0.000000000000000000e+00 1.843990000000000151e+01 4.304999999999999799e-02
0.000000000000000000e+00 1.864430000000000121e+01 4.014999999999999819e-02
0.000000000000000000e+00 1.883035000000000281e+01 4.220000000000000140e-02
0.000000000000000000e+00 1.904319999999999879e+01 4.174999999999999545e-02
0.000000000000000000e+00 1.924264999999999759e+01 4.055000000000000271e-02
0.000000000000000000e+00 1.943354999999999677e+01 4.130000000000000338e-02
0.000000000000000000e+00 1.964359999999999928e+01 4.055000000000000271e-02
0.000000000000000000e+00 1.983530000000000015e+01 4.050000000000000128e-02
0.000000000000000000e+00 1.999645000000000294e+01 4.289999999999999369e-02
