0.000000000000000000e+00 -1.975574999999999903e+01 4.089999999999999886e-02
0.000000000000000000e+00 -1.956895000000000095e+01 4.009999999999999676e-02
0.000000000000000000e+00 -1.935774999999999935e+01 4.214999999999999997e-02
0.000000000000000000e+00 -1.916615000000000180e+01 4.145000000000000073e-02
0.000000000000000000e+00 -1.895920000000000272e+01 4.164999999999999952e-02
0.000000000000000000e+00 -1.877090000000000103e+01 4.075000000000000150e-02
0.000000000000000000e+00 -1.856264999999999787e+01 4.209999999999999853e-02
0.000000000000000000e+00 -1.835499999999999687e+01 4.084999999999999742e-02
0.000000000000000000e+00 -1.817119999999999891e+01 4.134999999999999787e-02
0.000000000000000000e+00 -1.795589999999999975e+01 4.340000000000000108e-02
0.000000000000000000e+00 -1.775979999999999848e+01 4.270000000000000184e-02
0.000000000000000000e+00 -1.756289999999999907e+01 4.529999999999999999e-02
0.000000000000000000e+00 -1.735900000000000176e+01 4.649999999999999967e-02
0.000000000000000000e+00 -1.716740000000000066e+01 4.594999999999999779e-02
0.000000000000000000e+00 -1.695405000000000229e+01 5.009999999999999870e-02
0.000000000000000000e+00 -1.677270000000000039e+01 5.009999999999999870e-02
0.000000000000000000e+00 -1.655845000000000056e+01 5.179999999999999882e-02
0.000000000000000000e+00 -1.635640000000000072e+01 5.200000000000000455e-02
0.000000000000000000e+00 -1.616430000000000078e+01 5.249999999999999806e-02
0.000000000000000000e+00 -1.595550000000000068e+01 5.190000000000000169e-02
0.000000000000000000e+00 -1.576440000000000019e+01 5.344999999999999751e-02
0.000000000000000000e+00 -1.555460000000000065e+01 5.335000000000000159e-02
0.000000000000000000e+00 -1.537300000000000111e+01 6.024999999999999800e-02
0.000000000000000000e+00 -1.515905000000000058e+01 6.185000000000000220e-02
0.000000000000000000e+00 -1.495770000000000088e+01 6.604999999999999760e-02
0.000000000000000000e+00 -1.477094999999999914e+01 6.840000000000000246e-02
0.000000000000000000e+00 -1.455549999999999855e+01 7.860000000000000320e-02
0.000000000000000000e+00 -1.436575000000000024e+01 8.299999999999999045e-02
0.000000000000000000e+00 -1.415690000000000026e+01 9.245000000000000440e-02
0.000000000000000000e+00 -1.396560000000000024e+01 9.815000000000000113e-02
0.000000000000000000e+00 -1.376324999999999932e+01 1.098000000000000087e-01
0.000000000000000000e+00 -1.355294999999999916e+01 1.207000000000000017e-01
0.000000000000000000e+00 -1.337320000000000064e+01 1.362999999999999767e-01
0.000000000000000000e+00 -1.315920000000000023e+01 1.481000000000000094e-01
0.000000000000000000e+00 -1.296039999999999992e+01 1.632500000000000062e-01
0.000000000000000000e+00 -1.276279999999999859e+01 1.762500000000000178e-01
0.000000000000000000e+00 -1.255914999999999893e+01 1.922999999999999987e-01
0.000000000000000000e+00 -1.236294999999999966e+01 2.141500000000000070e-01
0.000000000000000000e+00 -1.215514999999999901e+01 2.360999999999999766e-01
0.000000000000000000e+00 -1.197010000000000041e+01 2.617000000000000437e-01
0.000000000000000000e+00 -1.175874999999999915e+01 2.862500000000000044e-01
0.000000000000000000e+00 -1.155579999999999963e+01 3.240000000000000102e-01
0.000000000000000000e+00 -1.136805000000000021e+01 3.708000000000000185e-01
0.000000000000000000e+00 -1.115404999999999980e+01 4.093499999999999917e-01
0.000000000000000000e+00 -1.096700000000000053e+01 4.823999999999999955e-01
0.000000000000000000e+00 -1.075714999999999932e+01 5.518499999999999517e-01
0.000000000000000000e+00 -1.057394999999999996e+01 6.128000000000000114e-01
0.000000000000000000e+00 -1.036110000000000042e+01 6.916999999999999815e-01
0.000000000000000000e+00 -1.015565000000000140e+01 7.850000000000000311e-01
0.000000000000000000e+00 -9.972449999999998482e+00 8.730499999999999927e-01
0.000000000000000000e+00 -9.753900000000001569e+00 9.788499999999999979e-01
0.000000000000000000e+00 -9.564499999999998892e+00 1.077700000000000102e+00
0.000000000000000000e+00 -9.360399999999998499e+00 1.193300000000000027e+00
0.000000000000000000e+00 -9.168649999999999523e+00 1.319799999999999862e+00
0.000000000000000000e+00 -8.961349999999999483e+00 1.482250000000000068e+00
0.000000000000000000e+00 -8.753700000000000259e+00 1.677249999999999908e+00
0.000000000000000000e+00 -8.573899999999998300e+00 1.847799999999999887e+00
0.000000000000000000e+00 -8.358850000000000335e+00 2.000000000000000000e+00
0.000000000000000000e+00 -8.162200000000000344e+00 2.214699999999999669e+00
0.000000000000000000e+00 -7.962799999999999656e+00 2.336300000000000043e+00
0.000000000000000000e+00 -7.760600000000000165e+00 2.482499999999999929e+00
0.000000000000000000e+00 -7.562249999999999694e+00 2.523449999999999971e+00
0.000000000000000000e+00 -7.353650000000000020e+00 2.597900000000000098e+00
0.000000000000000000e+00 -7.168549999999999756e+00 2.597750000000000004e+00
0.000000000000000000e+00 -6.958700000000000330e+00 2.678099999999999703e+00
0.000000000000000000e+00 -6.755750000000000810e+00 2.641999999999999904e+00
0.000000000000000000e+00 -6.570999999999999730e+00 2.600850000000000328e+00
0.000000000000000000e+00 -6.358399999999999608e+00 2.540650000000000297e+00
0.000000000000000000e+00 -6.164849999999999497e+00 2.513849999999999696e+00
0.000000000000000000e+00 -5.956599999999999895e+00 2.414400000000000102e+00
0.000000000000000000e+00 -5.767800000000000260e+00 2.395150000000000112e+00
0.000000000000000000e+00 -5.560700000000000642e+00 2.304949999999999832e+00
0.000000000000000000e+00 -5.353849999999999554e+00 2.242399999999999949e+00
0.000000000000000000e+00 -5.170550000000000423e+00 2.216249999999999609e+00
0.000000000000000000e+00 -4.955000000000000071e+00 2.158050000000000246e+00
0.000000000000000000e+00 -4.762850000000000250e+00 2.067249999999999588e+00
0.000000000000000000e+00 -4.558250000000000135e+00 2.018049999999999677e+00
0.000000000000000000e+00 -4.364800000000000679e+00 1.915049999999999919e+00
0.000000000000000000e+00 -4.164049999999999585e+00 1.878400000000000070e+00
0.000000000000000000e+00 -3.955199999999999605e+00 1.806049999999999933e+00
0.000000000000000000e+00 -3.777449999999999974e+00 1.729550000000000143e+00
0.000000000000000000e+00 -3.555899999999999839e+00 1.660449999999999982e+00
0.000000000000000000e+00 -3.360249999999999737e+00 1.550549999999999873e+00
0.000000000000000000e+00 -3.160350000000000215e+00 1.461100000000000065e+00
0.000000000000000000e+00 -2.958899999999999864e+00 1.336250000000000160e+00
0.000000000000000000e+00 -2.764149999999999885e+00 1.263549999999999951e+00
0.000000000000000000e+00 -2.556049999999999933e+00 1.220549999999999802e+00
0.000000000000000000e+00 -2.374449999999999950e+00 1.200149999999999828e+00
0.000000000000000000e+00 -2.161150000000000126e+00 1.046100000000000030e+00
0.000000000000000000e+00 -1.957300000000000040e+00 9.915000000000000480e-01
0.000000000000000000e+00 -1.767800000000000038e+00 9.109499999999999265e-01
0.000000000000000000e+00 -1.556899999999999951e+00 8.855500000000000593e-01
0.000000000000000000e+00 -1.364100000000000090e+00 7.796000000000000707e-01
0.000000000000000000e+00 -1.158099999999999907e+00 7.278999999999999915e-01
0.000000000000000000e+00 -9.665000000000000258e-01 6.738999999999999435e-01
0.000000000000000000e+00 -7.600000000000000089e-01 6.330999999999999961e-01
0.000000000000000000e+00 -5.522499999999999076e-01 5.605500000000001037e-01
0.000000000000000000e+00 -3.717500000000000249e-01 5.509500000000000508e-01
0.000000000000000000e+00 -1.537999999999999923e-01 5.398499999999999410e-01
0.000000000000000000e+00 3.459999999999999881e-02 4.910999999999999810e-01
0.000000000000000000e+00 2.379000000000000004e-01 4.386999999999999789e-01
0.000000000000000000e+00 4.350500000000000478e-01 3.840500000000000025e-01
0.000000000000000000e+00 6.360000000000000098e-01 3.572999999999999510e-01
0.000000000000000000e+00 8.487500000000000044e-01 3.207499999999999796e-01
0.000000000000000000e+00 1.027400000000000091e+00 3.024499999999999966e-01
0.000000000000000000e+00 1.246049999999999880e+00 3.001500000000000279e-01
0.000000000000000000e+00 1.439300000000000024e+00 2.811500000000000110e-01
0.000000000000000000e+00 1.635599999999999943e+00 2.620999999999999996e-01
0.000000000000000000e+00 1.840549999999999908e+00 2.445499999999999896e-01
0.000000000000000000e+00 2.035950000000000149e+00 2.210000000000000020e-01
0.000000000000000000e+00 2.244699999999999918e+00 2.096999999999999975e-01
0.000000000000000000e+00 2.425900000000000389e+00 1.985999999999999988e-01
0.000000000000000000e+00 2.638899999999999579e+00 1.917500000000000038e-01
0.000000000000000000e+00 2.843750000000000000e+00 1.801500000000000046e-01
0.000000000000000000e+00 3.035099999999999909e+00 1.669499999999999873e-01
0.000000000000000000e+00 3.242650000000000254e+00 1.582500000000000018e-01
0.000000000000000000e+00 3.437699999999999978e+00 1.497999999999999887e-01
0.000000000000000000e+00 3.642400000000000304e+00 1.358000000000000040e-01
0.000000000000000000e+00 3.836649999999999672e+00 1.278499999999999914e-01
0.000000000000000000e+00 4.037100000000000577e+00 1.183499999999999969e-01
0.000000000000000000e+00 4.248350000000000293e+00 1.156500000000000028e-01
0.000000000000000000e+00 4.425050000000000594e+00 1.053499999999999992e-01
0.000000000000000000e+00 4.644350000000000200e+00 1.000000000000000056e-01
0.000000000000000000e+00 4.835150000000000503e+00 8.909999999999999865e-02
0.000000000000000000e+00 5.036749999999999616e+00 8.344999999999999640e-02
0.000000000000000000e+00 5.243249999999999744e+00 7.975000000000000144e-02
0.000000000000000000e+00 5.436700000000000088e+00 7.195000000000000007e-02
0.000000000000000000e+00 5.648949999999999250e+00 6.914999999999998925e-02
0.000000000000000000e+00 5.825149999999999828e+00 6.454999999999999627e-02
0.000000000000000000e+00 6.042650000000000077e+00 5.920000000000000262e-02
0.000000000000000000e+00 6.240700000000000358e+00 5.569999999999999951e-02
0.000000000000000000e+00 6.435599999999999987e+00 5.095000000000000223e-02
0.000000000000000000e+00 6.640649999999999942e+00 4.979999999999999705e-02
0.000000000000000000e+00 6.833600000000000563e+00 4.889999999999999902e-02
0.000000000000000000e+00 7.044700000000000628e+00 4.624999999999999944e-02
0.000000000000000000e+00 7.223200000000000287e+00 4.764999999999999791e-02
0.000000000000000000e+00 7.441349999999999909e+00 4.284999999999999920e-02
0.000000000000000000e+00 7.643650000000000055e+00 4.324999999999999678e-02
0.000000000000000000e+00 7.833849999999999980e+00 4.439999999999999503e-02
0.000000000000000000e+00 8.044349999999999667e+00 4.445000000000000340e-02
0.000000000000000000e+00 8.236699999999999022e+00 4.209999999999999853e-02
0.000000000000000000e+00 8.440999999999998948e+00 4.284999999999999920e-02
0.000000000000000000e+00 8.635200000000001097e+00 4.130000000000000338e-02
0.000000000000000000e+00 8.839000000000000412e+00 4.159999999999999809e-02
0.000000000000000000e+00 9.045999999999999375e+00 4.225000000000000283e-02
0.000000000000000000e+00 9.227650000000000574e+00 4.245000000000000162e-02
0.000000000000000000e+00 9.443149999999999267e+00 3.890000000000000402e-02
0.000000000000000000e+00 9.639250000000000540e+00 4.145000000000000073e-02
0.000000000000000000e+00 9.836750000000000327e+00 4.009999999999999676e-02
0.000000000000000000e+00 1.004279999999999973e+01 3.940000000000000446e-02
0.000000000000000000e+00 1.023665000000000092e+01 4.120000000000000051e-02
0.000000000000000000e+00 1.044675000000000153e+01 3.984999999999999654e-02
0.000000000000000000e+00 1.062415000000000020e+01 3.944999999999999896e-02
0.000000000000000000e+00 1.084410000000000096e+01 4.159999999999999809e-02
0.000000000000000000e+00 1.103780000000000072e+01 3.975000000000000061e-02
0.000000000000000000e+00 1.123304999999999865e+01 4.240000000000000019e-02
0.000000000000000000e+00 1.144175000000000075e+01 4.164999999999999952e-02
0.000000000000000000e+00 1.163680000000000092e+01 4.195000000000000118e-02
0.000000000000000000e+00 1.184769999999999968e+01 4.080000000000000293e-02
0.000000000000000000e+00 1.203069999999999951e+01 3.939999999999999752e-02
0.000000000000000000e+00 1.224235000000000007e+01 4.025000000000000105e-02
0.000000000000000000e+00 1.244425000000000026e+01 3.884999999999999565e-02
0.000000000000000000e+00 1.263149999999999906e+01 4.139999999999999930e-02
0.000000000000000000e+00 1.284525000000000006e+01 4.200000000000000261e-02
0.000000000000000000e+00 1.303940000000000055e+01 4.134999999999999787e-02
0.000000000000000000e+00 1.324044999999999916e+01 4.064999999999999863e-02
0.000000000000000000e+00 1.343349999999999866e+01 4.084999999999999742e-02
0.000000000000000000e+00 1.363684999999999903e+01 3.994999999999999940e-02
0.000000000000000000e+00 1.384450000000000003e+01 4.030000000000000249e-02
0.000000000000000000e+00 1.402970000000000006e+01 4.024999999999999412e-02
0.000000000000000000e+00 1.424350000000000094e+01 4.205000000000000404e-02
0.000000000000000000e+00 1.444115000000000038e+01 3.964999999999999775e-02
0.000000000000000000e+00 1.463670000000000115e+01 4.139999999999999930e-02
0.000000000000000000e+00 1.484264999999999901e+01 3.950000000000000039e-02
0.000000000000000000e+00 1.503259999999999863e+01 3.964999999999999775e-02
0.000000000000000000e+00 1.524779999999999980e+01 3.990000000000000491e-02
0.000000000000000000e+00 1.542239999999999966e+01 3.955000000000000182e-02
0.000000000000000000e+00 1.564069999999999894e+01 3.955000000000000182e-02
0.000000000000000000e+00 1.584325000000000117e+01 3.859999999999999543e-02
0.000000000000000000e+00 1.603265000000000029e+01 4.019999999999999962e-02
0.000000000000000000e+00 1.624725000000000108e+01 4.125000000000000194e-02
0.000000000000000000e+00 1.643449999999999989e+01 3.994999999999999940e-02
0.000000000000000000e+00 1.664695000000000036e+01 4.019999999999999962e-02
0.000000000000000000e+00 1.682869999999999777e+01 3.994999999999999940e-02
0.000000000000000000e+00 1.704279999999999973e+01 4.080000000000000293e-02
0.000000000000000000e+00 1.724510000000000076e+01 4.214999999999999997e-02
0.000000000000000000e+00 1.743045000000000044e+01 4.164999999999999952e-02
0.000000000000000000e+00 1.764310000000000045e+01 4.105000000000000315e-02
0.000000000000000000e+00 1.783500000000000085e+01 4.134999999999999787e-02
0.000000000000000000e+00 1.803940000000000055e+01 4.220000000000000140e-02
0.000000000000000000e+00 1.823214999999999719e+01 4.155000000000000360e-02
0.000000000000000000e+00 1.843870000000000076e+01 4.170000000000000095e-02
0.000000000000000000e+00 1.864519999999999911e+01 4.130000000000000338e-02
0.000000000000000000e+00 1.882854999999999990e+01 4.105000000000000315e-02
0.000000000000000000e+00 1.904344999999999999e+01 4.329999999999999821e-02
0.000000000000000000e+00 1.924314999999999998e+01 3.919999999999999873e-02
0.000000000000000000e+00 1.943415000000000248e+01 3.984999999999999654e-02
0.000000000000000000e+00 1.964365000000000094e+01 3.965000000000000469e-02
0.000000000000000000e+00 1.983520000000000039e+01 4.049999999999999434e-02
0.000000000000000000e+00 1.999650000000000105e+01 4.044999999999999984e-02
