0.000000000000000000e+00 -9.839000000000000412e+00 1.550675675675683429e-03
0.000000000000000000e+00 -9.638049999999999784e+00 5.300675675675672882e-03
0.000000000000000000e+00 -9.441449999999999676e+00 1.195067567567567601e-02
0.000000000000000000e+00 -9.231700000000000017e+00 2.175067567567567917e-02
0.000000000000000000e+00 -9.041599999999998971e+00 3.670067567567568412e-02
0.000000000000000000e+00 -8.841400000000000148e+00 4.670067567567567912e-02
0.000000000000000000e+00 -8.633749999999999147e+00 5.890067567567568163e-02
0.000000000000000000e+00 -8.442399999999999238e+00 6.855067567567567355e-02
0.000000000000000000e+00 -8.236000000000000654e+00 9.400067567567570170e-02
0.000000000000000000e+00 -8.042400000000000659e+00 1.068006756756756798e-01
0.000000000000000000e+00 -7.832900000000000418e+00 1.381006756756756881e-01
0.000000000000000000e+00 -7.640000000000000568e+00 1.563006756756756821e-01
0.000000000000000000e+00 -7.442899999999999849e+00 1.719506756756756793e-01
0.000000000000000000e+00 -7.229400000000000048e+00 1.920006756756756916e-01
0.000000000000000000e+00 -7.043300000000000338e+00 2.170006756756756583e-01
0.000000000000000000e+00 -6.838300000000000267e+00 2.210506756756756563e-01
0.000000000000000000e+00 -6.639549999999999841e+00 2.256506756756757048e-01
0.000000000000000000e+00 -6.436350000000000016e+00 2.409506756756756851e-01
0.000000000000000000e+00 -6.239300000000000068e+00 2.513006756756757110e-01
0.000000000000000000e+00 -6.041949999999999932e+00 2.876006756756756544e-01
0.000000000000000000e+00 -5.832050000000000622e+00 3.169006756756757026e-01
0.000000000000000000e+00 -5.643449999999999633e+00 3.558006756756756928e-01
0.000000000000000000e+00 -5.438299999999999912e+00 3.821506756756756773e-01
0.000000000000000000e+00 -5.236250000000000071e+00 4.252006756756757100e-01
0.000000000000000000e+00 -5.038100000000000023e+00 4.722506756756756352e-01
0.000000000000000000e+00 -4.838750000000000107e+00 4.995006756756756316e-01
0.000000000000000000e+00 -4.643049999999999677e+00 5.619506756756756927e-01
0.000000000000000000e+00 -4.434750000000000192e+00 6.672506756756756419e-01
0.000000000000000000e+00 -4.241299999999999848e+00 7.158506756756756184e-01
0.000000000000000000e+00 -4.041999999999999815e+00 7.956506756756757115e-01
0.000000000000000000e+00 -3.831299999999999706e+00 8.682506756756757094e-01
0.000000000000000000e+00 -3.641249999999999876e+00 9.322506756756756552e-01
0.000000000000000000e+00 -3.436650000000000205e+00 1.025900675675675888e+00
0.000000000000000000e+00 -3.240400000000000169e+00 1.118750675675675765e+00
0.000000000000000000e+00 -3.035949999999999704e+00 1.204950675675675598e+00
0.000000000000000000e+00 -2.838750000000000107e+00 1.273700675675675686e+00
0.000000000000000000e+00 -2.642900000000000027e+00 1.371100675675675618e+00
0.000000000000000000e+00 -2.430299999999999905e+00 1.406250675675675854e+00
0.000000000000000000e+00 -2.243500000000000050e+00 1.471900675675675618e+00
0.000000000000000000e+00 -2.037300000000000111e+00 1.532050675675675766e+00
0.000000000000000000e+00 -1.840050000000000185e+00 1.539600675675675712e+00
0.000000000000000000e+00 -1.637649999999999828e+00 1.570750675675675723e+00
0.000000000000000000e+00 -1.438050000000000050e+00 1.615000675675675623e+00
0.000000000000000000e+00 -1.242799999999999905e+00 1.622350675675675813e+00
0.000000000000000000e+00 -1.029300000000000104e+00 1.657250675675675744e+00
0.000000000000000000e+00 -8.417999999999999927e-01 1.673450675675675736e+00
0.000000000000000000e+00 -6.381000000000000005e-01 1.702250675675675673e+00
0.000000000000000000e+00 -4.381499999999999839e-01 1.705950675675675932e+00
0.000000000000000000e+00 -2.396999999999999964e-01 1.692550675675675631e+00
0.000000000000000000e+00 -3.880000000000000115e-02 1.701700675675675623e+00
0.000000000000000000e+00 1.577999999999999958e-01 1.665300675675675635e+00
0.000000000000000000e+00 3.677000000000000268e-01 1.680100675675675781e+00
0.000000000000000000e+00 5.587499999999999689e-01 1.653700675675675580e+00
0.000000000000000000e+00 7.602499999999999813e-01 1.642100675675675747e+00
0.000000000000000000e+00 9.684999999999999165e-01 1.644550675675675588e+00
0.000000000000000000e+00 1.158700000000000063e+00 1.641700675675675791e+00
0.000000000000000000e+00 1.362800000000000011e+00 1.625950675675675861e+00
0.000000000000000000e+00 1.559800000000000075e+00 1.589650675675675640e+00
0.000000000000000000e+00 1.765050000000000008e+00 1.602800675675675635e+00
0.000000000000000000e+00 1.961050000000000182e+00 1.585500675675675764e+00
0.000000000000000000e+00 2.157350000000000101e+00 1.565500675675675746e+00
0.000000000000000000e+00 2.369399999999999729e+00 1.550350675675675749e+00
0.000000000000000000e+00 2.556300000000000239e+00 1.520550675675675922e+00
0.000000000000000000e+00 2.762299999999999756e+00 1.512900675675675766e+00
0.000000000000000000e+00 2.961649999999999672e+00 1.474600675675675765e+00
0.000000000000000000e+00 3.163050000000000139e+00 1.442550675675675631e+00
0.000000000000000000e+00 3.362549999999999706e+00 1.393700675675675793e+00
0.000000000000000000e+00 3.556449999999999889e+00 1.349300675675675798e+00
0.000000000000000000e+00 3.768800000000000150e+00 1.298850675675675692e+00
0.000000000000000000e+00 3.956550000000000011e+00 1.275050675675675649e+00
0.000000000000000000e+00 4.161049999999999471e+00 1.216350675675675674e+00
0.000000000000000000e+00 4.364549999999999486e+00 1.133000675675675861e+00
0.000000000000000000e+00 4.560100000000000264e+00 1.047800675675675919e+00
0.000000000000000000e+00 4.762450000000000294e+00 9.948506756756757552e-01
0.000000000000000000e+00 4.958500000000000796e+00 9.395506756756756284e-01
0.000000000000000000e+00 5.166800000000000281e+00 8.585506756756756674e-01
0.000000000000000000e+00 5.358799999999999564e+00 7.666506756756755747e-01
0.000000000000000000e+00 5.559799999999999187e+00 6.945506756756756328e-01
0.000000000000000000e+00 5.766949999999999577e+00 6.492506756756756259e-01
0.000000000000000000e+00 5.959249999999999936e+00 5.993006756756756870e-01
0.000000000000000000e+00 6.162349999999999994e+00 5.594006756756756404e-01
0.000000000000000000e+00 6.359700000000000131e+00 5.423506756756756308e-01
0.000000000000000000e+00 6.562000000000000277e+00 5.258506756756756717e-01
0.000000000000000000e+00 6.761549999999999727e+00 4.983006756756757638e-01
0.000000000000000000e+00 6.956300000000000594e+00 4.550506756756756976e-01
0.000000000000000000e+00 7.170300000000000118e+00 4.287506756756756521e-01
0.000000000000000000e+00 7.358349999999999724e+00 3.990506756756757034e-01
0.000000000000000000e+00 7.562100000000000044e+00 3.538006756756756910e-01
0.000000000000000000e+00 7.762800000000000367e+00 3.281506756756756849e-01
0.000000000000000000e+00 7.960799999999999876e+00 2.748006756756757318e-01
0.000000000000000000e+00 8.163000000000000256e+00 2.450006756756756832e-01
0.000000000000000000e+00 8.356500000000000483e+00 2.177006756756756922e-01
0.000000000000000000e+00 8.569399999999999906e+00 1.920506756756756861e-01
0.000000000000000000e+00 8.756949999999999790e+00 1.615006756756756645e-01
0.000000000000000000e+00 8.960599999999999454e+00 1.441006756756756935e-01
0.000000000000000000e+00 9.165199999999998681e+00 1.322006756756756718e-01
0.000000000000000000e+00 9.358499999999999375e+00 1.073006756756756802e-01
0.000000000000000000e+00 9.563400000000001455e+00 9.770067567567568279e-02
0.000000000000000000e+00 9.757649999999999935e+00 7.895067567567568001e-02
0.000000000000000000e+00 9.967349999999999710e+00 6.995067567567568589e-02
0.000000000000000000e+00 1.015779999999999994e+01 6.915067567567567686e-02
0.000000000000000000e+00 1.035989999999999966e+01 6.300067567567567417e-02
0.000000000000000000e+00 1.056780000000000008e+01 5.225067567567567850e-02
0.000000000000000000e+00 1.075809999999999889e+01 5.185067567567568092e-02
0.000000000000000000e+00 1.096144999999999925e+01 4.000067567567568150e-02
0.000000000000000000e+00 1.115915000000000035e+01 3.640067567567567552e-02
0.000000000000000000e+00 1.136475000000000080e+01 3.290067567567568629e-02
0.000000000000000000e+00 1.156024999999999991e+01 2.440067567567567874e-02
0.000000000000000000e+00 1.175750000000000028e+01 1.845067567567567485e-02
0.000000000000000000e+00 1.196910000000000096e+01 1.545067567567567912e-02
0.000000000000000000e+00 1.215814999999999912e+01 1.080067567567567777e-02
0.000000000000000000e+00 1.236084999999999923e+01 7.900675675675677967e-03
0.000000000000000000e+00 1.256459999999999866e+01 3.550675675675671328e-03
