0.000000000000000000e+00 -1.023855000000000004e+01 4.988738738738590639e-04
0.000000000000000000e+00 -1.003659999999999997e+01 4.098873873873865037e-03
0.000000000000000000e+00 -9.839349999999999596e+00 4.498873873873862617e-03
0.000000000000000000e+00 -9.638049999999999784e+00 4.148873873873859530e-03
0.000000000000000000e+00 -9.441150000000000375e+00 8.848873873873862317e-03
0.000000000000000000e+00 -9.231700000000000017e+00 1.619887387387386468e-02
0.000000000000000000e+00 -9.041199999999999903e+00 2.374887387387386584e-02
0.000000000000000000e+00 -8.841550000000001575e+00 2.964887387387386830e-02
0.000000000000000000e+00 -8.633900000000000574e+00 4.284887387387387170e-02
0.000000000000000000e+00 -8.442650000000000432e+00 5.184887387387385194e-02
0.000000000000000000e+00 -8.236200000000000188e+00 6.694887387387386812e-02
0.000000000000000000e+00 -8.042199999999999349e+00 8.399887387387386384e-02
0.000000000000000000e+00 -7.833199999999999719e+00 1.012988738738738459e-01
0.000000000000000000e+00 -7.640249999999999986e+00 1.198488738738738568e-01
0.000000000000000000e+00 -7.442849999999999966e+00 1.362488738738738825e-01
0.000000000000000000e+00 -7.229800000000000004e+00 1.569488738738738787e-01
0.000000000000000000e+00 -7.043549999999999756e+00 1.661488738738738646e-01
0.000000000000000000e+00 -6.837949999999999307e+00 1.732988738738738543e-01
0.000000000000000000e+00 -6.640850000000000364e+00 1.865488738738738383e-01
0.000000000000000000e+00 -6.436350000000000016e+00 1.998488738738738724e-01
0.000000000000000000e+00 -6.239599999999999369e+00 2.097988738738738868e-01
0.000000000000000000e+00 -6.042199999999999349e+00 2.263488738738738404e-01
0.000000000000000000e+00 -5.831799999999999429e+00 2.487488738738738714e-01
0.000000000000000000e+00 -5.643449999999999633e+00 2.582488738738738521e-01
0.000000000000000000e+00 -5.438850000000000406e+00 2.822988738738738679e-01
0.000000000000000000e+00 -5.236549999999999372e+00 3.051488738738739048e-01
0.000000000000000000e+00 -5.038249999999999673e+00 3.376988738738738727e-01
0.000000000000000000e+00 -4.839349999999999596e+00 3.823488738738738402e-01
0.000000000000000000e+00 -4.642900000000000027e+00 4.209488738738738078e-01
0.000000000000000000e+00 -4.434350000000000236e+00 4.451988738738739126e-01
0.000000000000000000e+00 -4.241649999999999920e+00 4.670488738738738377e-01
0.000000000000000000e+00 -4.042099999999999582e+00 5.613988738738738826e-01
0.000000000000000000e+00 -3.831999999999999851e+00 6.317988738738739007e-01
0.000000000000000000e+00 -3.642249999999999766e+00 7.682988738738738554e-01
0.000000000000000000e+00 -3.436500000000000110e+00 8.836988738738739135e-01
0.000000000000000000e+00 -3.240099999999999980e+00 9.517488738738738574e-01
0.000000000000000000e+00 -3.035849999999999937e+00 1.030098873873873888e+00
0.000000000000000000e+00 -2.839300000000000157e+00 1.124248873873873844e+00
0.000000000000000000e+00 -2.642999999999999794e+00 1.268448873873873950e+00
0.000000000000000000e+00 -2.430499999999999883e+00 1.314948873873873936e+00
0.000000000000000000e+00 -2.243450000000000166e+00 1.437898873873873828e+00
0.000000000000000000e+00 -2.037899999999999601e+00 1.514698873873873808e+00
0.000000000000000000e+00 -1.840450000000000141e+00 1.576298873873873907e+00
0.000000000000000000e+00 -1.637750000000000039e+00 1.650748873873873812e+00
0.000000000000000000e+00 -1.438699999999999868e+00 1.685298873873874115e+00
0.000000000000000000e+00 -1.242599999999999927e+00 1.692698873873873744e+00
0.000000000000000000e+00 -1.029400000000000093e+00 1.744948873873874096e+00
0.000000000000000000e+00 -8.426500000000000101e-01 1.754148873873873971e+00
0.000000000000000000e+00 -6.380500000000000060e-01 1.792798873873874044e+00
0.000000000000000000e+00 -4.384000000000000119e-01 1.808648873873873963e+00
0.000000000000000000e+00 -2.402500000000000191e-01 1.820148873873874029e+00
0.000000000000000000e+00 -3.915000000000000424e-02 1.817948873873874049e+00
0.000000000000000000e+00 1.577500000000000013e-01 1.819498873873873990e+00
0.000000000000000000e+00 3.668000000000000149e-01 1.799298873873873994e+00
0.000000000000000000e+00 5.592500000000000249e-01 1.803748873873873837e+00
0.000000000000000000e+00 7.604499999999999593e-01 1.785448873873873854e+00
0.000000000000000000e+00 9.675000000000000266e-01 1.791398873873873976e+00
0.000000000000000000e+00 1.158900000000000041e+00 1.761798873873873905e+00
0.000000000000000000e+00 1.362849999999999895e+00 1.754148873873873971e+00
0.000000000000000000e+00 1.558999999999999941e+00 1.735748873873873999e+00
0.000000000000000000e+00 1.765050000000000008e+00 1.732898873873873979e+00
0.000000000000000000e+00 1.960599999999999898e+00 1.717248873873873816e+00
0.000000000000000000e+00 2.157099999999999795e+00 1.730348873873873927e+00
0.000000000000000000e+00 2.369400000000000173e+00 1.711398873873873905e+00
0.000000000000000000e+00 2.556350000000000122e+00 1.707248873873874029e+00
0.000000000000000000e+00 2.762100000000000222e+00 1.687898873873873828e+00
0.000000000000000000e+00 2.961650000000000116e+00 1.662398873873873972e+00
0.000000000000000000e+00 3.163400000000000212e+00 1.583948873873874064e+00
0.000000000000000000e+00 3.362400000000000055e+00 1.545148873873873896e+00
0.000000000000000000e+00 3.556400000000000006e+00 1.481048873873874072e+00
0.000000000000000000e+00 3.768100000000000005e+00 1.420598873873873957e+00
0.000000000000000000e+00 3.957250000000000156e+00 1.341848873873873860e+00
0.000000000000000000e+00 4.160800000000000054e+00 1.295098873873874012e+00
0.000000000000000000e+00 4.365149999999999864e+00 1.231198873873873945e+00
0.000000000000000000e+00 4.560100000000000264e+00 1.149298873873874083e+00
0.000000000000000000e+00 4.762349999999999639e+00 1.048548873873873966e+00
0.000000000000000000e+00 4.957800000000000651e+00 9.210488738738737968e-01
0.000000000000000000e+00 5.166699999999999626e+00 8.431988738738738220e-01
0.000000000000000000e+00 5.358299999999999841e+00 7.424488738738738158e-01
0.000000000000000000e+00 5.559300000000000352e+00 7.108488738738738544e-01
0.000000000000000000e+00 5.766949999999999577e+00 6.998488738738738446e-01
0.000000000000000000e+00 5.958949999999999747e+00 6.242488738738738441e-01
0.000000000000000000e+00 6.161100000000000243e+00 6.009488738738738567e-01
0.000000000000000000e+00 6.359449999999999825e+00 5.485488738738738546e-01
0.000000000000000000e+00 6.561949999999999505e+00 5.009988738738738734e-01
0.000000000000000000e+00 6.761300000000000310e+00 4.674488738738739046e-01
0.000000000000000000e+00 6.956300000000000594e+00 4.326488738738738515e-01
0.000000000000000000e+00 7.170500000000000540e+00 3.969488738738738975e-01
0.000000000000000000e+00 7.357850000000000001e+00 3.364488738738738993e-01
0.000000000000000000e+00 7.562099999999999156e+00 2.957988738738738244e-01
0.000000000000000000e+00 7.763500000000000512e+00 2.604488738738738318e-01
0.000000000000000000e+00 7.960399999999999920e+00 2.171988738738738489e-01
0.000000000000000000e+00 8.162649999999999295e+00 1.903488738738738639e-01
0.000000000000000000e+00 8.356700000000000017e+00 1.682988738738738499e-01
0.000000000000000000e+00 8.569500000000001450e+00 1.507988738738738621e-01
0.000000000000000000e+00 8.757350000000000634e+00 1.358488738738738710e-01
0.000000000000000000e+00 8.960399999999999920e+00 1.153488738738738528e-01
0.000000000000000000e+00 9.164649999999999963e+00 1.088988738738738693e-01
0.000000000000000000e+00 9.358499999999999375e+00 9.554887387387386855e-02
0.000000000000000000e+00 9.562799999999999301e+00 8.034887387387387725e-02
0.000000000000000000e+00 9.756949999999999790e+00 6.774887387387386328e-02
0.000000000000000000e+00 9.966599999999999682e+00 5.709887387387385660e-02
0.000000000000000000e+00 1.015845000000000020e+01 4.934887387387386359e-02
0.000000000000000000e+00 1.035904999999999987e+01 4.004887387387387476e-02
0.000000000000000000e+00 1.056780000000000008e+01 3.429887387387386966e-02
0.000000000000000000e+00 1.075760000000000005e+01 2.634887387387385704e-02
0.000000000000000000e+00 1.096154999999999902e+01 2.479887387387386122e-02
0.000000000000000000e+00 1.115939999999999976e+01 1.764887387387386458e-02
0.000000000000000000e+00 1.136469999999999914e+01 1.344887387387386224e-02
0.000000000000000000e+00 1.156010000000000026e+01 9.398873873873864193e-03
0.000000000000000000e+00 1.175769999999999982e+01 8.348873873873861873e-03
0.000000000000000000e+00 1.196924999999999883e+01 6.548873873873858886e-03
0.000000000000000000e+00 1.215770000000000017e+01 4.098873873873865037e-03
