0.000000000000000000e+00 -1.123600000000000065e+01 2.573753753753765805e-03
0.000000000000000000e+00 -1.104165000000000063e+01 4.223753753753764495e-03
0.000000000000000000e+00 -1.084270000000000067e+01 2.973753753753763385e-03
0.000000000000000000e+00 -1.063309999999999889e+01 5.773753753753760320e-03
0.000000000000000000e+00 -1.044235000000000113e+01 1.127375375375376521e-02
0.000000000000000000e+00 -1.023869999999999969e+01 1.207375375375376036e-02
0.000000000000000000e+00 -1.003664999999999985e+01 1.342375375375376434e-02
0.000000000000000000e+00 -9.839349999999999596e+00 1.462375375375375708e-02
0.000000000000000000e+00 -9.637100000000000222e+00 1.522375375375376039e-02
0.000000000000000000e+00 -9.441800000000000637e+00 1.937375375375376130e-02
0.000000000000000000e+00 -9.231500000000000483e+00 2.537375375375376663e-02
0.000000000000000000e+00 -9.041250000000001563e+00 2.347375375375376771e-02
0.000000000000000000e+00 -8.841850000000000875e+00 2.877375375375376687e-02
0.000000000000000000e+00 -8.633399999999999963e+00 3.547375375375375062e-02
0.000000000000000000e+00 -8.442500000000000782e+00 4.672375375375376061e-02
0.000000000000000000e+00 -8.236150000000000304e+00 5.707375375375375870e-02
0.000000000000000000e+00 -8.042300000000000892e+00 6.607375375375376669e-02
0.000000000000000000e+00 -7.832749999999999879e+00 7.847375375375376105e-02
0.000000000000000000e+00 -7.639949999999999797e+00 8.777375375375376376e-02
0.000000000000000000e+00 -7.442499999999999893e+00 9.972375375375377993e-02
0.000000000000000000e+00 -7.230000000000000426e+00 1.125237537537537580e-01
0.000000000000000000e+00 -7.043549999999999756e+00 1.281237537537537607e-01
0.000000000000000000e+00 -6.838100000000000733e+00 1.440737537537537805e-01
0.000000000000000000e+00 -6.640150000000000219e+00 1.688737537537537692e-01
0.000000000000000000e+00 -6.436199999999999477e+00 1.882737537537537420e-01
0.000000000000000000e+00 -6.239200000000000301e+00 2.165237537537537393e-01
0.000000000000000000e+00 -6.042300000000000004e+00 2.645737537537538042e-01
0.000000000000000000e+00 -5.831699999999999662e+00 2.902237537537537548e-01
0.000000000000000000e+00 -5.643200000000000216e+00 3.218237537537537163e-01
0.000000000000000000e+00 -5.438600000000000101e+00 3.690737537537537305e-01
0.000000000000000000e+00 -5.237049999999999983e+00 3.994737537537537131e-01
0.000000000000000000e+00 -5.038449999999999207e+00 4.394237537537537541e-01
0.000000000000000000e+00 -4.839000000000000412e+00 4.695237537537536587e-01
0.000000000000000000e+00 -4.643049999999999677e+00 5.049737537537537513e-01
0.000000000000000000e+00 -4.434300000000000352e+00 5.262737537537537369e-01
0.000000000000000000e+00 -4.241999999999999993e+00 5.656237537537537330e-01
0.000000000000000000e+00 -4.042550000000000310e+00 6.058737537537537410e-01
0.000000000000000000e+00 -3.830950000000000077e+00 6.400237537537537547e-01
0.000000000000000000e+00 -3.641750000000000043e+00 7.003237537537537749e-01
0.000000000000000000e+00 -3.436749999999999972e+00 7.678737537537537738e-01
0.000000000000000000e+00 -3.240199999999999747e+00 8.382737537537537920e-01
0.000000000000000000e+00 -3.035999999999999588e+00 9.146737537537538154e-01
0.000000000000000000e+00 -2.839500000000000135e+00 9.783237537537537998e-01
0.000000000000000000e+00 -2.642450000000000188e+00 1.072823753753753939e+00
0.000000000000000000e+00 -2.430550000000000210e+00 1.189223753753753998e+00
0.000000000000000000e+00 -2.243599999999999817e+00 1.275073753753753758e+00
0.000000000000000000e+00 -2.037399999999999878e+00 1.374573753753753902e+00
0.000000000000000000e+00 -1.840949999999999864e+00 1.472323753753753905e+00
0.000000000000000000e+00 -1.638199999999999878e+00 1.570623753753753737e+00
0.000000000000000000e+00 -1.438299999999999912e+00 1.650123753753753864e+00
0.000000000000000000e+00 -1.243250000000000188e+00 1.696723753753753838e+00
0.000000000000000000e+00 -1.029549999999999965e+00 1.762123753753753741e+00
0.000000000000000000e+00 -8.426000000000000156e-01 1.868873753753753642e+00
0.000000000000000000e+00 -6.377500000000000391e-01 1.942373753753753984e+00
0.000000000000000000e+00 -4.381499999999999839e-01 2.008573753753753799e+00
0.000000000000000000e+00 -2.398500000000000076e-01 2.027723753753753577e+00
0.000000000000000000e+00 -3.905000000000000138e-02 2.095373753753753565e+00
0.000000000000000000e+00 1.581500000000000128e-01 2.194623753753753626e+00
0.000000000000000000e+00 3.679000000000000048e-01 2.213973753753753826e+00
0.000000000000000000e+00 5.588999999999999524e-01 2.219723753753753748e+00
0.000000000000000000e+00 7.598000000000000309e-01 2.310273753753753212e+00
0.000000000000000000e+00 9.677999999999999936e-01 2.326423753753753765e+00
0.000000000000000000e+00 1.158800000000000052e+00 2.271573753753753699e+00
0.000000000000000000e+00 1.363049999999999873e+00 2.287523753753753830e+00
0.000000000000000000e+00 1.559549999999999992e+00 2.207723753753753737e+00
0.000000000000000000e+00 1.764499999999999957e+00 2.218823753753753625e+00
0.000000000000000000e+00 1.960949999999999971e+00 2.123423753753753473e+00
0.000000000000000000e+00 2.157150000000000123e+00 2.047623753753753384e+00
0.000000000000000000e+00 2.369699999999999918e+00 1.979623753753753990e+00
0.000000000000000000e+00 2.556849999999999845e+00 1.867473753753753796e+00
0.000000000000000000e+00 2.761649999999999938e+00 1.788623753753753709e+00
0.000000000000000000e+00 2.961549999999999905e+00 1.685523753753753740e+00
0.000000000000000000e+00 3.163250000000000117e+00 1.587673753753753969e+00
0.000000000000000000e+00 3.362249999999999961e+00 1.462173753753753802e+00
0.000000000000000000e+00 3.556599999999999984e+00 1.416923753753754012e+00
0.000000000000000000e+00 3.768749999999999822e+00 1.255973753753753863e+00
0.000000000000000000e+00 3.956699999999999662e+00 1.152273753753753960e+00
0.000000000000000000e+00 4.160549999999999748e+00 1.089073753753753815e+00
0.000000000000000000e+00 4.364700000000000024e+00 9.914237537537536893e-01
0.000000000000000000e+00 4.559899999999999842e+00 8.792237537537538339e-01
0.000000000000000000e+00 4.762150000000000105e+00 8.043737537537537508e-01
0.000000000000000000e+00 4.958450000000000024e+00 7.380737537537537252e-01
0.000000000000000000e+00 5.166500000000000092e+00 6.376737537537536804e-01
0.000000000000000000e+00 5.359049999999999869e+00 5.804737537537537628e-01
0.000000000000000000e+00 5.559450000000000003e+00 4.995237537537536854e-01
0.000000000000000000e+00 5.767199999999999882e+00 4.236737537537537124e-01
0.000000000000000000e+00 5.958999999999999631e+00 3.861237537537537401e-01
0.000000000000000000e+00 6.162200000000000344e+00 3.370237537537537076e-01
0.000000000000000000e+00 6.359550000000000480e+00 2.897237537537536989e-01
0.000000000000000000e+00 6.562100000000000044e+00 2.632237537537537309e-01
0.000000000000000000e+00 6.760900000000000354e+00 2.370237537537537575e-01
0.000000000000000000e+00 6.955700000000000216e+00 2.095737537537537554e-01
0.000000000000000000e+00 7.170600000000000307e+00 1.939237537537537581e-01
0.000000000000000000e+00 7.358150000000000190e+00 1.772737537537537877e-01
0.000000000000000000e+00 7.561949999999999505e+00 1.639237537537537592e-01
0.000000000000000000e+00 7.763650000000000162e+00 1.424237537537537679e-01
0.000000000000000000e+00 7.960599999999999454e+00 1.229237537537537783e-01
0.000000000000000000e+00 8.162749999999999062e+00 1.073737537537537701e-01
0.000000000000000000e+00 8.356950000000001211e+00 9.212375375375375652e-02
0.000000000000000000e+00 8.569549999999999557e+00 7.737375375375375730e-02
0.000000000000000000e+00 8.756850000000000023e+00 6.347375375375377549e-02
0.000000000000000000e+00 8.960699999999999221e+00 4.902375375375375710e-02
0.000000000000000000e+00 9.164300000000000779e+00 3.982375375375377113e-02
0.000000000000000000e+00 9.358499999999999375e+00 3.497375375375376405e-02
0.000000000000000000e+00 9.563399999999999679e+00 2.402375375375376265e-02
0.000000000000000000e+00 9.756700000000000372e+00 2.317375375375375912e-02
0.000000000000000000e+00 9.967050000000000409e+00 1.547375375375376061e-02
0.000000000000000000e+00 1.015820000000000078e+01 1.087375375375376763e-02
0.000000000000000000e+00 1.035924999999999940e+01 6.273753753753760765e-03
0.000000000000000000e+00 1.056760000000000055e+01 3.423753753753769336e-03
