0.000000000000000000e+00 -7.639950000000000685e+00 2.584009009009013980e-03
0.000000000000000000e+00 -7.442599999999999660e+00 6.034009009009022595e-03
0.000000000000000000e+00 -7.229649999999999466e+00 1.053400900900901965e-02
0.000000000000000000e+00 -7.044000000000000483e+00 1.688400900900902113e-02
0.000000000000000000e+00 -6.837799999999999656e+00 2.438400900900901391e-02
0.000000000000000000e+00 -6.640100000000000335e+00 3.073400900900902233e-02
0.000000000000000000e+00 -6.436049999999999827e+00 4.828400900900901849e-02
0.000000000000000000e+00 -6.238900000000000112e+00 6.708400900900902963e-02
0.000000000000000000e+00 -6.042300000000000004e+00 9.203400900900900183e-02
0.000000000000000000e+00 -5.831699999999999662e+00 1.106340090090090073e-01
0.000000000000000000e+00 -5.642450000000000188e+00 1.240840090090090247e-01
0.000000000000000000e+00 -5.438500000000000334e+00 1.444840090090089846e-01
0.000000000000000000e+00 -5.236449999999999605e+00 1.597840090090090204e-01
0.000000000000000000e+00 -5.037250000000000227e+00 2.099840090090089872e-01
0.000000000000000000e+00 -4.838750000000000107e+00 2.499340090090090283e-01
0.000000000000000000e+00 -4.642699999999999605e+00 2.859840090090089992e-01
0.000000000000000000e+00 -4.433550000000000324e+00 3.566340090090089898e-01
0.000000000000000000e+00 -4.241550000000000153e+00 4.554840090090089832e-01
0.000000000000000000e+00 -4.042450000000000543e+00 5.199340090090091016e-01
0.000000000000000000e+00 -3.830400000000000027e+00 6.567340090090090232e-01
0.000000000000000000e+00 -3.641550000000000065e+00 7.490340090090090719e-01
0.000000000000000000e+00 -3.436700000000000088e+00 8.556840090090090944e-01
0.000000000000000000e+00 -3.240099999999999980e+00 9.518340090090090522e-01
0.000000000000000000e+00 -3.035699999999999843e+00 1.078734009009008954e+00
0.000000000000000000e+00 -2.838849999999999874e+00 1.149184009009008856e+00
0.000000000000000000e+00 -2.642500000000000071e+00 1.308984009009009020e+00
0.000000000000000000e+00 -2.430550000000000210e+00 1.428384009009008970e+00
0.000000000000000000e+00 -2.243399999999999839e+00 1.525134009009008862e+00
0.000000000000000000e+00 -2.036900000000000155e+00 1.667334009009008966e+00
0.000000000000000000e+00 -1.840850000000000097e+00 1.795334009009008858e+00
0.000000000000000000e+00 -1.638050000000000006e+00 1.921184009009008875e+00
0.000000000000000000e+00 -1.438499999999999890e+00 2.019384009009009162e+00
0.000000000000000000e+00 -1.242750000000000021e+00 2.104234009009009032e+00
0.000000000000000000e+00 -1.028299999999999992e+00 2.215584009009009314e+00
0.000000000000000000e+00 -8.420499999999999652e-01 2.310284009009008876e+00
0.000000000000000000e+00 -6.378000000000000336e-01 2.354584009009009105e+00
0.000000000000000000e+00 -4.372000000000000330e-01 2.467534009009009210e+00
0.000000000000000000e+00 -2.396500000000000019e-01 2.501234009009008830e+00
0.000000000000000000e+00 -3.880000000000000115e-02 2.479834009009008966e+00
0.000000000000000000e+00 1.587000000000000077e-01 2.437934009009008918e+00
0.000000000000000000e+00 3.669999999999999929e-01 2.511284009009009388e+00
0.000000000000000000e+00 5.594999999999999973e-01 2.471784009009009075e+00
0.000000000000000000e+00 7.607000000000000428e-01 2.429734009009009377e+00
0.000000000000000000e+00 9.677000000000000046e-01 2.376034009009009296e+00
0.000000000000000000e+00 1.158500000000000085e+00 2.392884009009009105e+00
0.000000000000000000e+00 1.363199999999999967e+00 2.292884009009009461e+00
0.000000000000000000e+00 1.559099999999999930e+00 2.261184009009009177e+00
0.000000000000000000e+00 1.764899999999999913e+00 2.178434009009008854e+00
0.000000000000000000e+00 1.961999999999999966e+00 2.133184009009009063e+00
0.000000000000000000e+00 2.157049999999999912e+00 2.046334009009009414e+00
0.000000000000000000e+00 2.369699999999999918e+00 1.894634009009008802e+00
0.000000000000000000e+00 2.557150000000000034e+00 1.779484009009008938e+00
0.000000000000000000e+00 2.762000000000000011e+00 1.676834009009008808e+00
0.000000000000000000e+00 2.961899999999999977e+00 1.529134009009008865e+00
0.000000000000000000e+00 3.163850000000000051e+00 1.416884009009008905e+00
0.000000000000000000e+00 3.362649999999999917e+00 1.295284009009008974e+00
0.000000000000000000e+00 3.556550000000000100e+00 1.160634009009008816e+00
0.000000000000000000e+00 3.768850000000000033e+00 1.049584009009008945e+00
0.000000000000000000e+00 3.956450000000000244e+00 9.608340090090090602e-01
0.000000000000000000e+00 4.161100000000000243e+00 8.681340090090090555e-01
0.000000000000000000e+00 4.365249999999999631e+00 7.888340090090090184e-01
0.000000000000000000e+00 4.560100000000000264e+00 7.289840090090090596e-01
0.000000000000000000e+00 4.762599999999999945e+00 6.655340090090090532e-01
0.000000000000000000e+00 4.958700000000000330e+00 6.036840090090090927e-01
0.000000000000000000e+00 5.166500000000000092e+00 5.653340090090090975e-01
0.000000000000000000e+00 5.359249999999999403e+00 5.260340090090090959e-01
0.000000000000000000e+00 5.559849999999999959e+00 4.680340090090089888e-01
0.000000000000000000e+00 5.767199999999999882e+00 4.130840090090090455e-01
0.000000000000000000e+00 5.959699999999999775e+00 3.693840090090089734e-01
0.000000000000000000e+00 6.161799999999999500e+00 3.234340090090090380e-01
0.000000000000000000e+00 6.359799999999999898e+00 2.698340090090090015e-01
0.000000000000000000e+00 6.562850000000000072e+00 2.249340090090090061e-01
0.000000000000000000e+00 6.761250000000000426e+00 2.023840090090089916e-01
0.000000000000000000e+00 6.956350000000000477e+00 1.639840090090090019e-01
0.000000000000000000e+00 7.171149999999999913e+00 1.273840090090090360e-01
0.000000000000000000e+00 7.358200000000000074e+00 1.087840090090090167e-01
0.000000000000000000e+00 7.562299999999999578e+00 9.463400900900902080e-02
0.000000000000000000e+00 7.763400000000000745e+00 8.253400900900902115e-02
0.000000000000000000e+00 7.960849999999999760e+00 6.938400900900902613e-02
0.000000000000000000e+00 8.162449999999999761e+00 5.553400900900902493e-02
0.000000000000000000e+00 8.356849999999999667e+00 4.403400900900901471e-02
0.000000000000000000e+00 8.569050000000000722e+00 3.243400900900901551e-02
0.000000000000000000e+00 8.757799999999999585e+00 2.588400900900901525e-02
0.000000000000000000e+00 8.960950000000000415e+00 2.013400900900902402e-02
0.000000000000000000e+00 9.164699999999999847e+00 1.668400900900902234e-02
0.000000000000000000e+00 9.358950000000000102e+00 1.233400900900902264e-02
0.000000000000000000e+00 9.563549999999999329e+00 8.934009009009022395e-03
0.000000000000000000e+00 9.757100000000001216e+00 5.584009009009016644e-03
