0.000000000000000000e+00 -8.442899999999999849e+00 9.503003003002996607e-04
0.000000000000000000e+00 -8.235699999999999577e+00 5.750300300300305312e-03
0.000000000000000000e+00 -8.041999999999999815e+00 1.315030030030030217e-02
0.000000000000000000e+00 -7.833700000000000330e+00 1.975030030030030387e-02
0.000000000000000000e+00 -7.639999999999999680e+00 3.015030030030030339e-02
0.000000000000000000e+00 -7.442499999999999893e+00 3.895030030030030566e-02
0.000000000000000000e+00 -7.229800000000000004e+00 6.555030030030030430e-02
0.000000000000000000e+00 -7.043499999999999872e+00 6.585030030030029902e-02
0.000000000000000000e+00 -6.837600000000000122e+00 9.415030030030030472e-02
0.000000000000000000e+00 -6.641000000000000014e+00 1.161503003003002965e-01
0.000000000000000000e+00 -6.436099999999999710e+00 1.435503003003003042e-01
0.000000000000000000e+00 -6.238699999999999690e+00 1.725503003003003022e-01
0.000000000000000000e+00 -6.042200000000000237e+00 1.875503003003003155e-01
0.000000000000000000e+00 -5.831699999999999662e+00 2.152503003003003179e-01
0.000000000000000000e+00 -5.642900000000000027e+00 2.304503003003003092e-01
0.000000000000000000e+00 -5.439000000000000057e+00 2.490503003003003146e-01
0.000000000000000000e+00 -5.236200000000000188e+00 2.697503003003003386e-01
0.000000000000000000e+00 -5.038299999999999557e+00 2.896503003003002563e-01
0.000000000000000000e+00 -4.839100000000000179e+00 3.244503003003003094e-01
0.000000000000000000e+00 -4.642999999999999794e+00 3.392503003003003448e-01
0.000000000000000000e+00 -4.434199999999999697e+00 3.530503003003002682e-01
0.000000000000000000e+00 -4.241900000000000226e+00 3.711503003003002732e-01
0.000000000000000000e+00 -4.041299999999999670e+00 4.731503003003002528e-01
0.000000000000000000e+00 -3.831700000000000106e+00 4.877503003003003101e-01
0.000000000000000000e+00 -3.641700000000000159e+00 5.504503003003002881e-01
0.000000000000000000e+00 -3.436799999999999855e+00 6.425503003003002478e-01
0.000000000000000000e+00 -3.240400000000000169e+00 8.403503003003002236e-01
0.000000000000000000e+00 -3.035200000000000120e+00 8.115503003003002869e-01
0.000000000000000000e+00 -2.838200000000000056e+00 9.526503003003002901e-01
0.000000000000000000e+00 -2.643200000000000216e+00 1.126550300300300345e+00
0.000000000000000000e+00 -2.430299999999999905e+00 1.228850300300300402e+00
0.000000000000000000e+00 -2.243100000000000094e+00 1.415650300300300479e+00
0.000000000000000000e+00 -2.037999999999999812e+00 1.524050300300300309e+00
0.000000000000000000e+00 -1.840899999999999981e+00 1.721150300300300362e+00
0.000000000000000000e+00 -1.637899999999999912e+00 1.764050300300300300e+00
0.000000000000000000e+00 -1.438800000000000079e+00 1.865250300300300479e+00
0.000000000000000000e+00 -1.242699999999999916e+00 2.032750300300300239e+00
0.000000000000000000e+00 -1.028699999999999948e+00 2.085250300300300452e+00
0.000000000000000000e+00 -8.423000000000000487e-01 2.148350300300300386e+00
0.000000000000000000e+00 -6.378000000000000336e-01 2.193350300300300315e+00
0.000000000000000000e+00 -4.388000000000000234e-01 2.237450300300300565e+00
0.000000000000000000e+00 -2.403000000000000136e-01 2.276550300300300478e+00
0.000000000000000000e+00 -3.869999999999999829e-02 2.270850300300300439e+00
0.000000000000000000e+00 1.580999999999999905e-01 2.331450300300300427e+00
0.000000000000000000e+00 3.669999999999999929e-01 2.278250300300300513e+00
0.000000000000000000e+00 5.593000000000000194e-01 2.304850300300300248e+00
0.000000000000000000e+00 7.603999999999999648e-01 2.272450300300300263e+00
0.000000000000000000e+00 9.669999999999999707e-01 2.263450300300300366e+00
0.000000000000000000e+00 1.158900000000000041e+00 2.271450300300300373e+00
0.000000000000000000e+00 1.363299999999999956e+00 2.260550300300300464e+00
0.000000000000000000e+00 1.559199999999999919e+00 2.235250300300300363e+00
0.000000000000000000e+00 1.765200000000000102e+00 2.221150300300300362e+00
0.000000000000000000e+00 1.960700000000000109e+00 2.175350300300300521e+00
0.000000000000000000e+00 2.157099999999999795e+00 2.095050300300300261e+00
0.000000000000000000e+00 2.369800000000000129e+00 2.055050300300300226e+00
0.000000000000000000e+00 2.556599999999999984e+00 1.993350300300300582e+00
0.000000000000000000e+00 2.762199999999999989e+00 1.885850300300300431e+00
0.000000000000000000e+00 2.962899999999999867e+00 1.791050300300300435e+00
0.000000000000000000e+00 3.163300000000000001e+00 1.629750300300300436e+00
0.000000000000000000e+00 3.362699999999999800e+00 1.572350300300300319e+00
0.000000000000000000e+00 3.556500000000000217e+00 1.421050300300300329e+00
0.000000000000000000e+00 3.767999999999999794e+00 1.283150300300300417e+00
0.000000000000000000e+00 3.956700000000000106e+00 1.146950300300300318e+00
0.000000000000000000e+00 4.161100000000000243e+00 1.056150300300300326e+00
0.000000000000000000e+00 4.364099999999999646e+00 9.657503003003001796e-01
0.000000000000000000e+00 4.559999999999999609e+00 8.602503003003002524e-01
0.000000000000000000e+00 4.762999999999999901e+00 7.994503003003002872e-01
0.000000000000000000e+00 4.957900000000000418e+00 7.514503003003002446e-01
0.000000000000000000e+00 5.166800000000000281e+00 6.781503003003003238e-01
0.000000000000000000e+00 5.359399999999999942e+00 5.678503003003002592e-01
0.000000000000000000e+00 5.559199999999999697e+00 5.008503003003003107e-01
0.000000000000000000e+00 5.767000000000000348e+00 4.271503003003003229e-01
0.000000000000000000e+00 5.959800000000000431e+00 3.532503003003003572e-01
0.000000000000000000e+00 6.161299999999999777e+00 3.277503003003002791e-01
0.000000000000000000e+00 6.359700000000000131e+00 2.775503003003002567e-01
0.000000000000000000e+00 6.562500000000000000e+00 2.410503003003003075e-01
0.000000000000000000e+00 6.760799999999999699e+00 2.188503003003003100e-01
0.000000000000000000e+00 6.956199999999999939e+00 1.620503003003002929e-01
0.000000000000000000e+00 7.170799999999999841e+00 1.459503003003002897e-01
0.000000000000000000e+00 7.357000000000000206e+00 1.309503003003003041e-01
0.000000000000000000e+00 7.562299999999999578e+00 1.049503003003003088e-01
0.000000000000000000e+00 7.762599999999999945e+00 8.785030030030030468e-02
0.000000000000000000e+00 7.960499999999999687e+00 6.925030030030029926e-02
0.000000000000000000e+00 8.163500000000000867e+00 4.505030030030029997e-02
0.000000000000000000e+00 8.356400000000000716e+00 3.765030030030029617e-02
0.000000000000000000e+00 8.569399999999999906e+00 2.335030030030030290e-02
0.000000000000000000e+00 8.757400000000000517e+00 2.315030030030030411e-02
0.000000000000000000e+00 8.960900000000000531e+00 1.355030030030029975e-02
0.000000000000000000e+00 9.164799999999999613e+00 1.115030030030030039e-02
0.000000000000000000e+00 9.358800000000000452e+00 8.050300300300301803e-03
0.000000000000000000e+00 9.563000000000000611e+00 5.950300300300304102e-03
