0.000000000000000000e+00 -5.038549999999999862e+00 1.831681681681691931e-03
0.000000000000000000e+00 -4.839199999999999946e+00 3.631681681681694918e-03
0.000000000000000000e+00 -4.642749999999999488e+00 9.531681681681690443e-03
0.000000000000000000e+00 -4.434899999999999842e+00 2.003168168168169283e-02
0.000000000000000000e+00 -4.242200000000000415e+00 3.583168168168168743e-02
0.000000000000000000e+00 -4.042199999999999349e+00 7.288168168168168704e-02
0.000000000000000000e+00 -3.831500000000000128e+00 1.092816816816817027e-01
0.000000000000000000e+00 -3.641700000000000159e+00 1.617816816816816938e-01
0.000000000000000000e+00 -3.436199999999999921e+00 2.227816816816816647e-01
0.000000000000000000e+00 -3.240800000000000125e+00 2.715316816816816803e-01
0.000000000000000000e+00 -3.035899999999999821e+00 3.818816816816816839e-01
0.000000000000000000e+00 -2.838950000000000085e+00 4.435316816816816665e-01
0.000000000000000000e+00 -2.643050000000000122e+00 5.194816816816817395e-01
0.000000000000000000e+00 -2.430299999999999905e+00 6.098316816816816699e-01
0.000000000000000000e+00 -2.243850000000000122e+00 6.695816816816817507e-01
0.000000000000000000e+00 -2.038050000000000139e+00 7.804816816816817493e-01
0.000000000000000000e+00 -1.840450000000000141e+00 8.948816816816816955e-01
0.000000000000000000e+00 -1.638199999999999878e+00 1.135881681681681910e+00
0.000000000000000000e+00 -1.438800000000000079e+00 1.523331681681681760e+00
0.000000000000000000e+00 -1.243100000000000094e+00 2.023831681681682149e+00
0.000000000000000000e+00 -1.029300000000000104e+00 2.836231681681681494e+00
0.000000000000000000e+00 -8.426500000000000101e-01 3.364281681681681846e+00
0.000000000000000000e+00 -6.374500000000000721e-01 3.954031681681681398e+00
0.000000000000000000e+00 -4.380499999999999949e-01 4.360881681681681776e+00
0.000000000000000000e+00 -2.399499999999999966e-01 4.633131681681681435e+00
0.000000000000000000e+00 -3.874999999999999972e-02 4.739181681681681191e+00
0.000000000000000000e+00 1.579500000000000071e-01 4.746581681681681708e+00
0.000000000000000000e+00 3.670499999999999874e-01 4.591881681681681648e+00
0.000000000000000000e+00 5.586499999999999799e-01 4.666531681681681754e+00
0.000000000000000000e+00 7.597000000000000419e-01 4.437981681681681501e+00
0.000000000000000000e+00 9.677000000000000046e-01 4.359881681681682331e+00
0.000000000000000000e+00 1.159250000000000114e+00 3.893331681681681644e+00
0.000000000000000000e+00 1.362800000000000011e+00 3.394581681681682284e+00
0.000000000000000000e+00 1.558349999999999902e+00 3.017231681681681543e+00
0.000000000000000000e+00 1.764699999999999935e+00 2.490031681681681874e+00
0.000000000000000000e+00 1.959600000000000009e+00 2.098981681681681977e+00
0.000000000000000000e+00 2.157000000000000028e+00 1.829281681681681482e+00
0.000000000000000000e+00 2.369850000000000012e+00 1.394981681681681573e+00
0.000000000000000000e+00 2.556449999999999889e+00 1.091331681681681598e+00
0.000000000000000000e+00 2.761800000000000033e+00 8.081316816816817017e-01
0.000000000000000000e+00 2.961699999999999999e+00 6.354816816816817315e-01
0.000000000000000000e+00 3.162250000000000227e+00 5.317316816816817227e-01
0.000000000000000000e+00 3.362249999999999961e+00 4.339816816816817191e-01
0.000000000000000000e+00 3.556750000000000078e+00 3.695816816816817063e-01
0.000000000000000000e+00 3.767999999999999794e+00 2.926316816816817434e-01
0.000000000000000000e+00 3.956999999999999851e+00 2.256816816816816784e-01
0.000000000000000000e+00 4.160700000000000287e+00 1.684816816816817053e-01
0.000000000000000000e+00 4.363599999999999923e+00 1.116816816816816882e-01
0.000000000000000000e+00 4.560349999999999682e+00 6.673168168168169823e-02
0.000000000000000000e+00 4.762249999999999872e+00 3.723168168168169978e-02
0.000000000000000000e+00 4.957699999999999996e+00 1.823168168168169678e-02
0.000000000000000000e+00 5.167149999999999466e+00 9.281681681681697160e-03
0.000000000000000000e+00 5.358550000000000146e+00 5.331681681681688101e-03
