0.000000000000000000e+00 -3.436049999999999827e+00 1.578648648648650621e-03
0.000000000000000000e+00 -3.240549999999999820e+00 7.978648648648653530e-03
0.000000000000000000e+00 -3.035250000000000004e+00 1.492864864864865138e-02
0.000000000000000000e+00 -2.838899999999999757e+00 4.247864864864865642e-02
0.000000000000000000e+00 -2.642450000000000188e+00 8.222864864864865009e-02
0.000000000000000000e+00 -2.430100000000000371e+00 1.434786486486486212e-01
0.000000000000000000e+00 -2.243949999999999889e+00 2.732286486486486532e-01
0.000000000000000000e+00 -2.037549999999999972e+00 3.841786486486486463e-01
0.000000000000000000e+00 -1.840549999999999908e+00 5.108786486486487366e-01
0.000000000000000000e+00 -1.637750000000000039e+00 6.076286486486486282e-01
0.000000000000000000e+00 -1.438649999999999984e+00 7.448286486486486169e-01
0.000000000000000000e+00 -1.242599999999999927e+00 9.164786486486486972e-01
0.000000000000000000e+00 -1.029349999999999987e+00 1.153078648648648619e+00
0.000000000000000000e+00 -8.422499999999999432e-01 1.408578648648648679e+00
0.000000000000000000e+00 -6.370000000000000107e-01 2.012128648648648710e+00
0.000000000000000000e+00 -4.386499999999999844e-01 2.997228648648648797e+00
0.000000000000000000e+00 -2.398500000000000076e-01 3.851178648648649006e+00
0.000000000000000000e+00 -3.865000000000000380e-02 4.610978648648647926e+00
0.000000000000000000e+00 1.579500000000000071e-01 5.072528648648648719e+00
0.000000000000000000e+00 3.672000000000000264e-01 5.319978648648648445e+00
0.000000000000000000e+00 5.595499999999999918e-01 5.423128648648648742e+00
0.000000000000000000e+00 7.597000000000000419e-01 5.369678648648648966e+00
0.000000000000000000e+00 9.687999999999999945e-01 5.306478648648648822e+00
0.000000000000000000e+00 1.159149999999999903e+00 5.189328648648648290e+00
0.000000000000000000e+00 1.362800000000000011e+00 5.118928648648648938e+00
0.000000000000000000e+00 1.559299999999999908e+00 4.869078648648648588e+00
0.000000000000000000e+00 1.765200000000000102e+00 4.345128648648648451e+00
0.000000000000000000e+00 1.960099999999999953e+00 3.667578648648648798e+00
0.000000000000000000e+00 2.157999999999999918e+00 2.804628648648648692e+00
0.000000000000000000e+00 2.370699999999999807e+00 2.217178648648648664e+00
0.000000000000000000e+00 2.556550000000000100e+00 1.834678648648648602e+00
0.000000000000000000e+00 2.762000000000000011e+00 1.415928648648648425e+00
0.000000000000000000e+00 2.961999999999999744e+00 1.102528648648648746e+00
0.000000000000000000e+00 3.163599999999999746e+00 7.852786486486486028e-01
0.000000000000000000e+00 3.362999999999999989e+00 6.060286486486485824e-01
0.000000000000000000e+00 3.557100000000000151e+00 4.393786486486486176e-01
0.000000000000000000e+00 3.768650000000000055e+00 3.172286486486486368e-01
0.000000000000000000e+00 3.957149999999999945e+00 2.292286486486486696e-01
0.000000000000000000e+00 4.160499999999999865e+00 1.375286486486486659e-01
0.000000000000000000e+00 4.364499999999999602e+00 8.322864864864865098e-02
0.000000000000000000e+00 4.560249999999999915e+00 4.032864864864864340e-02
0.000000000000000000e+00 4.762199999999999989e+00 2.042864864864864932e-02
0.000000000000000000e+00 4.958149999999999835e+00 6.778648648648646913e-03
0.000000000000000000e+00 5.167349999999999888e+00 5.178648648648649655e-03
