0.000000000000000000e+00 -3.641799999999999926e+00 5.071921921922031840e-04
0.000000000000000000e+00 -3.436650000000000205e+00 3.407192192192202984e-03
0.000000000000000000e+00 -3.240699999999999914e+00 2.957192192192203972e-03
0.000000000000000000e+00 -3.035699999999999843e+00 4.507192192192199798e-03
0.000000000000000000e+00 -2.838899999999999757e+00 5.557192192192202118e-03
0.000000000000000000e+00 -2.643299999999999983e+00 3.325719219219221146e-02
0.000000000000000000e+00 -2.430500000000000327e+00 7.815719219219220693e-02
0.000000000000000000e+00 -2.243649999999999700e+00 1.477571921921921883e-01
0.000000000000000000e+00 -2.037899999999999601e+00 2.899571921921921813e-01
0.000000000000000000e+00 -1.840650000000000119e+00 4.552071921921921893e-01
0.000000000000000000e+00 -1.637849999999999806e+00 6.054071921921921895e-01
0.000000000000000000e+00 -1.438749999999999973e+00 7.277571921921921483e-01
0.000000000000000000e+00 -1.242150000000000087e+00 9.240571921921921783e-01
0.000000000000000000e+00 -1.029500000000000082e+00 1.219957192192192341e+00
0.000000000000000000e+00 -8.428499999999999881e-01 1.578307192192192066e+00
0.000000000000000000e+00 -6.373999999999999666e-01 2.006507192192192424e+00
0.000000000000000000e+00 -4.385999999999999899e-01 2.882907192192191825e+00
0.000000000000000000e+00 -2.403000000000000136e-01 4.041707192192192544e+00
0.000000000000000000e+00 -3.894999999999999851e-02 4.707007192192192768e+00
0.000000000000000000e+00 1.578499999999999903e-01 5.388157192192192468e+00
0.000000000000000000e+00 3.670999999999999819e-01 5.595257192192192974e+00
0.000000000000000000e+00 5.591999999999999194e-01 5.574757192192192790e+00
0.000000000000000000e+00 7.598000000000000309e-01 5.445907192192192880e+00
0.000000000000000000e+00 9.671000000000000707e-01 5.177807192192192431e+00
0.000000000000000000e+00 1.159149999999999903e+00 5.146307192192193014e+00
0.000000000000000000e+00 1.362500000000000044e+00 4.988757192192192491e+00
0.000000000000000000e+00 1.558999999999999941e+00 4.401107192192192485e+00
0.000000000000000000e+00 1.764950000000000019e+00 4.003257192192192448e+00
0.000000000000000000e+00 1.960399999999999920e+00 3.252657192192192070e+00
0.000000000000000000e+00 2.156749999999999723e+00 2.500007192192192473e+00
0.000000000000000000e+00 2.369850000000000012e+00 1.881257192192192118e+00
0.000000000000000000e+00 2.556449999999999889e+00 1.600457192192192180e+00
0.000000000000000000e+00 2.761649999999999938e+00 1.242957192192192029e+00
0.000000000000000000e+00 2.961599999999999788e+00 9.143571921921922474e-01
0.000000000000000000e+00 3.162449999999999761e+00 6.314571921921922071e-01
0.000000000000000000e+00 3.363150000000000084e+00 4.692571921921921962e-01
0.000000000000000000e+00 3.556950000000000056e+00 3.505571921921921685e-01
0.000000000000000000e+00 3.768200000000000216e+00 2.461071921921921812e-01
0.000000000000000000e+00 3.957099999999999618e+00 1.568571921921921852e-01
0.000000000000000000e+00 4.160750000000000171e+00 8.865719219219221625e-02
0.000000000000000000e+00 4.363800000000000345e+00 4.845719219219220275e-02
0.000000000000000000e+00 4.560449999999999449e+00 2.115719219219220487e-02
0.000000000000000000e+00 4.762150000000000105e+00 6.807192192192203228e-03
