0.000000000000000000e+00 -9.838799999999999102e+00 2.039684684684683891e-03
0.000000000000000000e+00 -9.637049999999998562e+00 4.139684684684688531e-03
0.000000000000000000e+00 -9.441449999999999676e+00 6.089684684684688876e-03
0.000000000000000000e+00 -9.231500000000000483e+00 3.889684684684688309e-03
0.000000000000000000e+00 -9.041199999999999903e+00 7.489684684684687344e-03
0.000000000000000000e+00 -8.841149999999998954e+00 1.213968468468468176e-02
0.000000000000000000e+00 -8.633499999999999730e+00 1.913968468468468798e-02
0.000000000000000000e+00 -8.442299999999999471e+00 2.563968468468469375e-02
0.000000000000000000e+00 -8.235549999999999926e+00 2.998968468468468651e-02
0.000000000000000000e+00 -8.041949999999999932e+00 3.958968468468468394e-02
0.000000000000000000e+00 -7.832599999999999341e+00 5.403968468468468844e-02
0.000000000000000000e+00 -7.640050000000000452e+00 6.153968468468468123e-02
0.000000000000000000e+00 -7.442499999999999893e+00 7.873968468468467430e-02
0.000000000000000000e+00 -7.229599999999999582e+00 9.668968468468469579e-02
0.000000000000000000e+00 -7.043699999999999406e+00 1.152396846846847067e-01
0.000000000000000000e+00 -6.837950000000000195e+00 1.428396846846846924e-01
0.000000000000000000e+00 -6.640050000000000452e+00 1.474896846846846798e-01
0.000000000000000000e+00 -6.436300000000000132e+00 1.846396846846846684e-01
0.000000000000000000e+00 -6.239300000000000068e+00 2.144896846846847116e-01
0.000000000000000000e+00 -6.041249999999999787e+00 2.280896846846846571e-01
0.000000000000000000e+00 -5.831799999999999429e+00 2.554896846846846925e-01
0.000000000000000000e+00 -5.642599999999999838e+00 2.769396846846847171e-01
0.000000000000000000e+00 -5.437900000000000844e+00 2.829896846846847169e-01
0.000000000000000000e+00 -5.236799999999999677e+00 3.081896846846847171e-01
0.000000000000000000e+00 -5.038050000000000139e+00 3.286896846846846798e-01
0.000000000000000000e+00 -4.837949999999999307e+00 3.413396846846847299e-01
0.000000000000000000e+00 -4.642899999999999139e+00 3.613896846846846866e-01
0.000000000000000000e+00 -4.433500000000000441e+00 3.857896846846847194e-01
0.000000000000000000e+00 -4.241400000000000503e+00 4.080396846846847114e-01
0.000000000000000000e+00 -4.042149999999999466e+00 4.302896846846847034e-01
0.000000000000000000e+00 -3.830799999999999983e+00 4.650896846846846455e-01
0.000000000000000000e+00 -3.641300000000000203e+00 4.965396846846846235e-01
0.000000000000000000e+00 -3.436350000000000016e+00 5.583896846846847506e-01
0.000000000000000000e+00 -3.239949999999999886e+00 5.906896846846847460e-01
0.000000000000000000e+00 -3.035499999999999865e+00 6.485396846846847030e-01
0.000000000000000000e+00 -2.838650000000000340e+00 7.712396846846847343e-01
0.000000000000000000e+00 -2.642649999999999721e+00 8.769896846846847449e-01
0.000000000000000000e+00 -2.429800000000000182e+00 9.592396846846846792e-01
0.000000000000000000e+00 -2.243400000000000283e+00 1.131989684684684638e+00
0.000000000000000000e+00 -2.037700000000000067e+00 1.250489684684684688e+00
0.000000000000000000e+00 -1.840450000000000141e+00 1.426889684684684578e+00
0.000000000000000000e+00 -1.637849999999999806e+00 1.565039684684684795e+00
0.000000000000000000e+00 -1.438750000000000195e+00 1.642439684684684709e+00
0.000000000000000000e+00 -1.242750000000000021e+00 1.775739684684684461e+00
0.000000000000000000e+00 -1.028950000000000031e+00 1.898039684684684536e+00
0.000000000000000000e+00 -8.419999999999999707e-01 1.983089684684684828e+00
0.000000000000000000e+00 -6.376999999999999336e-01 2.063189684684684888e+00
0.000000000000000000e+00 -4.378000000000000225e-01 2.135739684684684558e+00
0.000000000000000000e+00 -2.386999999999999955e-01 2.197439684684684646e+00
0.000000000000000000e+00 -3.880000000000000115e-02 2.253439684684684696e+00
0.000000000000000000e+00 1.580000000000000016e-01 2.293739684684684921e+00
0.000000000000000000e+00 3.676000000000000378e-01 2.325339684684684993e+00
0.000000000000000000e+00 5.589500000000000579e-01 2.367339684684684809e+00
0.000000000000000000e+00 7.600000000000000089e-01 2.358639684684684656e+00
0.000000000000000000e+00 9.688499999999999890e-01 2.362039684684684726e+00
0.000000000000000000e+00 1.158949999999999925e+00 2.389389684684684934e+00
0.000000000000000000e+00 1.363049999999999873e+00 2.382539684684684911e+00
0.000000000000000000e+00 1.560049999999999937e+00 2.343389684684684671e+00
0.000000000000000000e+00 1.764549999999999841e+00 2.328689684684685179e+00
0.000000000000000000e+00 1.960900000000000087e+00 2.281239684684684743e+00
0.000000000000000000e+00 2.157549999999999635e+00 2.232839684684684745e+00
0.000000000000000000e+00 2.370099999999999874e+00 2.175189684684684988e+00
0.000000000000000000e+00 2.557450000000000223e+00 2.102489684684684779e+00
0.000000000000000000e+00 2.761949999999999683e+00 2.038089684684684766e+00
0.000000000000000000e+00 2.962150000000000283e+00 1.891239684684684619e+00
0.000000000000000000e+00 3.163199999999999790e+00 1.774589684684684476e+00
0.000000000000000000e+00 3.363150000000000084e+00 1.654439684684684719e+00
0.000000000000000000e+00 3.556999999999999940e+00 1.525639684684684694e+00
0.000000000000000000e+00 3.768850000000000033e+00 1.408589684684684817e+00
0.000000000000000000e+00 3.957349999999999923e+00 1.246189684684684718e+00
0.000000000000000000e+00 4.161150000000000126e+00 1.191589684684684736e+00
0.000000000000000000e+00 4.365149999999999864e+00 1.098139684684684703e+00
0.000000000000000000e+00 4.560399999999999565e+00 1.002589684684684679e+00
0.000000000000000000e+00 4.762649999999999828e+00 8.709896846846847396e-01
0.000000000000000000e+00 4.958600000000000563e+00 7.910896846846846575e-01
0.000000000000000000e+00 5.166650000000000631e+00 6.860396846846847918e-01
0.000000000000000000e+00 5.358600000000000030e+00 6.147896846846847563e-01
0.000000000000000000e+00 5.559899999999999842e+00 5.339896846846847733e-01
0.000000000000000000e+00 5.767749999999999488e+00 4.534896846846847018e-01
0.000000000000000000e+00 5.959200000000000053e+00 4.346896846846846629e-01
0.000000000000000000e+00 6.162649999999999295e+00 3.870396846846846928e-01
0.000000000000000000e+00 6.359949999999999548e+00 3.353396846846846691e-01
0.000000000000000000e+00 6.562649999999999650e+00 2.956396846846846560e-01
0.000000000000000000e+00 6.761749999999999261e+00 2.589896846846846956e-01
0.000000000000000000e+00 6.956400000000000361e+00 2.364896846846846756e-01
0.000000000000000000e+00 7.171049999999999258e+00 2.031896846846846794e-01
0.000000000000000000e+00 7.358349999999999724e+00 1.786896846846846854e-01
0.000000000000000000e+00 7.562450000000000117e+00 1.565396846846847101e-01
0.000000000000000000e+00 7.763550000000000395e+00 1.403896846846846846e-01
0.000000000000000000e+00 7.961249999999999716e+00 1.252396846846846878e-01
0.000000000000000000e+00 8.163050000000000139e+00 1.117396846846846759e-01
0.000000000000000000e+00 8.357350000000000279e+00 9.183968468468467483e-02
0.000000000000000000e+00 8.569800000000000750e+00 7.788968468468468465e-02
0.000000000000000000e+00 8.757450000000000401e+00 6.328968468468468278e-02
0.000000000000000000e+00 8.961100000000000065e+00 5.008968468468469326e-02
0.000000000000000000e+00 9.165599999999999525e+00 3.423968468468469029e-02
0.000000000000000000e+00 9.358850000000000335e+00 2.513968468468469331e-02
0.000000000000000000e+00 9.563649999999999096e+00 1.608968468468468388e-02
0.000000000000000000e+00 9.756899999999999906e+00 1.213968468468468176e-02
0.000000000000000000e+00 9.967500000000001137e+00 7.639684684684684701e-03
0.000000000000000000e+00 1.015820000000000078e+01 3.889684684684688309e-03
