0.000000000000000000e+00 -9.637750000000000483e+00 1.162837837837840671e-03
0.000000000000000000e+00 -9.441849999999998744e+00 4.512837837837832544e-03
0.000000000000000000e+00 -9.231950000000001211e+00 9.012837837837836541e-03
0.000000000000000000e+00 -9.041349999999999554e+00 1.351283783783784054e-02
0.000000000000000000e+00 -8.841899999999998983e+00 2.061283783783783574e-02
0.000000000000000000e+00 -8.633050000000000779e+00 2.696283783783783028e-02
0.000000000000000000e+00 -8.442849999999999966e+00 3.646283783783783872e-02
0.000000000000000000e+00 -8.236399999999999721e+00 4.786283783783783219e-02
0.000000000000000000e+00 -8.042049999999999699e+00 5.636283783783783974e-02
0.000000000000000000e+00 -7.833199999999999719e+00 7.211283783783783985e-02
0.000000000000000000e+00 -7.640600000000000058e+00 8.786283783783783996e-02
0.000000000000000000e+00 -7.442650000000000432e+00 1.138128378378378408e-01
0.000000000000000000e+00 -7.229599999999999582e+00 1.238628378378378442e-01
0.000000000000000000e+00 -7.043750000000000178e+00 1.393128378378378218e-01
0.000000000000000000e+00 -6.838350000000000151e+00 1.607628378378378464e-01
0.000000000000000000e+00 -6.640900000000000247e+00 1.776628378378378170e-01
0.000000000000000000e+00 -6.436450000000000671e+00 2.001128378378378425e-01
0.000000000000000000e+00 -6.238850000000000229e+00 2.220128378378378731e-01
0.000000000000000000e+00 -6.042500000000000426e+00 2.355128378378378295e-01
0.000000000000000000e+00 -5.832200000000000273e+00 2.640128378378378549e-01
0.000000000000000000e+00 -5.643299999999999983e+00 3.089128378378378503e-01
0.000000000000000000e+00 -5.438449999999999562e+00 3.442128378378378484e-01
0.000000000000000000e+00 -5.236299999999999955e+00 3.843628378378378674e-01
0.000000000000000000e+00 -5.038050000000000139e+00 4.382128378378378208e-01
0.000000000000000000e+00 -4.838749999999999218e+00 4.886128378378378212e-01
0.000000000000000000e+00 -4.642949999999999910e+00 5.601628378378378237e-01
0.000000000000000000e+00 -4.434450000000000003e+00 6.432628378378377754e-01
0.000000000000000000e+00 -4.242099999999999760e+00 7.023628378378378168e-01
0.000000000000000000e+00 -4.042349999999999888e+00 8.080628378378378329e-01
0.000000000000000000e+00 -3.831550000000000011e+00 8.785128378378378455e-01
0.000000000000000000e+00 -3.642300000000000093e+00 9.326128378378377715e-01
0.000000000000000000e+00 -3.436900000000000066e+00 1.040812837837837845e+00
0.000000000000000000e+00 -3.240549999999999820e+00 1.095662837837837911e+00
0.000000000000000000e+00 -3.036100000000000243e+00 1.139462837837837750e+00
0.000000000000000000e+00 -2.838449999999999918e+00 1.256312837837837870e+00
0.000000000000000000e+00 -2.642599999999999838e+00 1.322162837837837834e+00
0.000000000000000000e+00 -2.430900000000000283e+00 1.389562837837837961e+00
0.000000000000000000e+00 -2.243299999999999628e+00 1.470562837837837922e+00
0.000000000000000000e+00 -2.037250000000000227e+00 1.520112837837837905e+00
0.000000000000000000e+00 -1.841349999999999820e+00 1.593362837837837720e+00
0.000000000000000000e+00 -1.637750000000000039e+00 1.639362837837837983e+00
0.000000000000000000e+00 -1.438549999999999995e+00 1.697312837837837929e+00
0.000000000000000000e+00 -1.243200000000000083e+00 1.730462837837837942e+00
0.000000000000000000e+00 -1.028950000000000031e+00 1.803712837837837757e+00
0.000000000000000000e+00 -8.425500000000000211e-01 1.811912837837837742e+00
0.000000000000000000e+00 -6.381000000000000005e-01 1.875162837837837770e+00
0.000000000000000000e+00 -4.382000000000000339e-01 1.859962837837837890e+00
0.000000000000000000e+00 -2.400499999999999856e-01 1.906412837837837770e+00
0.000000000000000000e+00 -3.910000000000000281e-02 1.894712837837837949e+00
0.000000000000000000e+00 1.579000000000000126e-01 1.916662837837837863e+00
0.000000000000000000e+00 3.669499999999999984e-01 1.910362837837837890e+00
0.000000000000000000e+00 5.587999999999999634e-01 1.888112837837837787e+00
0.000000000000000000e+00 7.598000000000000309e-01 1.878262837837837873e+00
0.000000000000000000e+00 9.683500000000000441e-01 1.829912837837837980e+00
0.000000000000000000e+00 1.159100000000000019e+00 1.802962837837837728e+00
0.000000000000000000e+00 1.362600000000000033e+00 1.775462837837837871e+00
0.000000000000000000e+00 1.559099999999999930e+00 1.714262837837837949e+00
0.000000000000000000e+00 1.764499999999999957e+00 1.693312837837837925e+00
0.000000000000000000e+00 1.961200000000000054e+00 1.687062837837837836e+00
0.000000000000000000e+00 2.157149999999999679e+00 1.648212837837837785e+00
0.000000000000000000e+00 2.369650000000000034e+00 1.628712837837837935e+00
0.000000000000000000e+00 2.556149999999999700e+00 1.597162837837837746e+00
0.000000000000000000e+00 2.761899999999999800e+00 1.551012837837837832e+00
0.000000000000000000e+00 2.961949999999999861e+00 1.495912837837837905e+00
0.000000000000000000e+00 3.163249999999999673e+00 1.437462837837837792e+00
0.000000000000000000e+00 3.361499999999999932e+00 1.391312837837837879e+00
0.000000000000000000e+00 3.556300000000000239e+00 1.351462837837837938e+00
0.000000000000000000e+00 3.767999999999999794e+00 1.289212837837837800e+00
0.000000000000000000e+00 3.956749999999999989e+00 1.204512837837838024e+00
0.000000000000000000e+00 4.160500000000000753e+00 1.112612837837837709e+00
0.000000000000000000e+00 4.364649999999999253e+00 1.070162837837837833e+00
0.000000000000000000e+00 4.559800000000000075e+00 9.401628378378379391e-01
0.000000000000000000e+00 4.762249999999999872e+00 8.736628378378378246e-01
0.000000000000000000e+00 4.957699999999999996e+00 7.619128378378379196e-01
0.000000000000000000e+00 5.166249999999999787e+00 7.062128378378378368e-01
0.000000000000000000e+00 5.358449999999999491e+00 6.440128378378378038e-01
0.000000000000000000e+00 5.559549999999999770e+00 6.011128378378378656e-01
0.000000000000000000e+00 5.766949999999999577e+00 5.762128378378378324e-01
0.000000000000000000e+00 5.959150000000000169e+00 5.364128378378378859e-01
0.000000000000000000e+00 6.161550000000000082e+00 5.115628378378378471e-01
0.000000000000000000e+00 6.359500000000000597e+00 4.793128378378378462e-01
0.000000000000000000e+00 6.562250000000000583e+00 4.440628378378378427e-01
0.000000000000000000e+00 6.760849999999999582e+00 4.214128378378378947e-01
0.000000000000000000e+00 6.956450000000000244e+00 3.761128378378378878e-01
0.000000000000000000e+00 7.170099999999999696e+00 3.475128378378378735e-01
0.000000000000000000e+00 7.357949999999999768e+00 3.179628378378378528e-01
0.000000000000000000e+00 7.561949999999999505e+00 2.761628378378378490e-01
0.000000000000000000e+00 7.763099999999999667e+00 2.371628378378378699e-01
0.000000000000000000e+00 7.960399999999999920e+00 2.078628378378378772e-01
0.000000000000000000e+00 8.162699999999999179e+00 1.758628378378378487e-01
0.000000000000000000e+00 8.356449999999998823e+00 1.523128378378378334e-01
0.000000000000000000e+00 8.569100000000000605e+00 1.356128378378378407e-01
0.000000000000000000e+00 8.757249999999999091e+00 1.138128378378378408e-01
0.000000000000000000e+00 8.960250000000000270e+00 1.001128378378378508e-01
0.000000000000000000e+00 9.164749999999999730e+00 8.981283783783781949e-02
0.000000000000000000e+00 9.358699999999998909e+00 7.721283783783784715e-02
0.000000000000000000e+00 9.563500000000001222e+00 6.086283783783784374e-02
0.000000000000000000e+00 9.757449999999998624e+00 4.836283783783783263e-02
0.000000000000000000e+00 9.967200000000000060e+00 4.501283783783784076e-02
0.000000000000000000e+00 1.015810000000000102e+01 4.181283783783783237e-02
0.000000000000000000e+00 1.035930000000000106e+01 3.371283783783783627e-02
0.000000000000000000e+00 1.056804999999999950e+01 2.876283783783784020e-02
0.000000000000000000e+00 1.075734999999999886e+01 2.461283783783783929e-02
0.000000000000000000e+00 1.096110000000000007e+01 2.021283783783783816e-02
0.000000000000000000e+00 1.115939999999999976e+01 1.791283783783784167e-02
0.000000000000000000e+00 1.136425000000000018e+01 1.266283783783783701e-02
0.000000000000000000e+00 1.156040000000000134e+01 1.201283783783783921e-02
0.000000000000000000e+00 1.175764999999999993e+01 8.962837837837842048e-03
0.000000000000000000e+00 1.196860000000000035e+01 8.012837837837835653e-03
0.000000000000000000e+00 1.215814999999999912e+01 5.812837837837842025e-03
0.000000000000000000e+00 1.236070000000000135e+01 7.262837837837834987e-03
