0.000000000000000000e+00 -1.975519999999999854e+01 7.498108108108109127e-03
0.000000000000000000e+00 -1.956964999999999932e+01 7.848108108108105274e-03
0.000000000000000000e+00 -1.935759999999999792e+01 8.848108108108106162e-03
0.000000000000000000e+00 -1.916580000000000084e+01 8.898108108108114533e-03
0.000000000000000000e+00 -1.895980000000000132e+01 8.148108108108106928e-03
0.000000000000000000e+00 -1.877085000000000292e+01 8.548108108108111447e-03
0.000000000000000000e+00 -1.856349999999999767e+01 9.998108108108111347e-03
0.000000000000000000e+00 -1.835519999999999996e+01 1.014810810810810870e-02
0.000000000000000000e+00 -1.817310000000000159e+01 1.184810810810810883e-02
0.000000000000000000e+00 -1.795609999999999928e+01 1.314810810810811137e-02
0.000000000000000000e+00 -1.776095000000000113e+01 1.379810810810810917e-02
0.000000000000000000e+00 -1.756315000000000026e+01 1.459810810810811127e-02
0.000000000000000000e+00 -1.736159999999999926e+01 1.929810810810810712e-02
0.000000000000000000e+00 -1.716644999999999754e+01 2.029810810810810801e-02
0.000000000000000000e+00 -1.695479999999999876e+01 2.739810810810810321e-02
0.000000000000000000e+00 -1.677189999999999870e+01 2.874810810810810718e-02
0.000000000000000000e+00 -1.655884999999999962e+01 3.264810810810810787e-02
0.000000000000000000e+00 -1.635584999999999667e+01 3.859810810810811871e-02
0.000000000000000000e+00 -1.616469999999999985e+01 4.109810810810810705e-02
0.000000000000000000e+00 -1.595615000000000094e+01 4.804810810810810490e-02
0.000000000000000000e+00 -1.576480000000000103e+01 5.334810810810810405e-02
0.000000000000000000e+00 -1.555405000000000015e+01 6.774810810810810713e-02
0.000000000000000000e+00 -1.537224999999999930e+01 7.459810810810810211e-02
0.000000000000000000e+00 -1.515954999999999941e+01 8.084810810810810766e-02
0.000000000000000000e+00 -1.495820000000000149e+01 9.109810810810811676e-02
0.000000000000000000e+00 -1.477084999999999937e+01 9.754810810810810029e-02
0.000000000000000000e+00 -1.455584999999999951e+01 1.044981081081081120e-01
0.000000000000000000e+00 -1.436694999999999922e+01 1.075481081081081092e-01
0.000000000000000000e+00 -1.415735000000000099e+01 1.185981081081081134e-01
0.000000000000000000e+00 -1.396710000000000029e+01 1.343981081081081219e-01
0.000000000000000000e+00 -1.376290000000000013e+01 1.506481081081081363e-01
0.000000000000000000e+00 -1.355294999999999916e+01 1.606481081081081175e-01
0.000000000000000000e+00 -1.337324999999999875e+01 1.860481081081081234e-01
0.000000000000000000e+00 -1.315810000000000102e+01 2.109481081081081011e-01
0.000000000000000000e+00 -1.296164999999999878e+01 2.252981081081080750e-01
0.000000000000000000e+00 -1.276174999999999926e+01 2.532481081081081054e-01
0.000000000000000000e+00 -1.256070000000000064e+01 2.800981081081081459e-01
0.000000000000000000e+00 -1.236340000000000039e+01 3.013481081081081370e-01
0.000000000000000000e+00 -1.215510000000000090e+01 3.441981081081081362e-01
0.000000000000000000e+00 -1.197125000000000128e+01 3.624481081081080691e-01
0.000000000000000000e+00 -1.175789999999999935e+01 4.148981081081081213e-01
0.000000000000000000e+00 -1.155680000000000085e+01 4.452481081081081093e-01
0.000000000000000000e+00 -1.136769999999999925e+01 5.249981081081080969e-01
0.000000000000000000e+00 -1.115479999999999983e+01 5.800481081081080292e-01
0.000000000000000000e+00 -1.096579999999999977e+01 6.315481081081080195e-01
0.000000000000000000e+00 -1.075810000000000066e+01 7.052981081081080017e-01
0.000000000000000000e+00 -1.057434999999999903e+01 7.546481081081080067e-01
0.000000000000000000e+00 -1.036155000000000115e+01 8.250481081081080248e-01
0.000000000000000000e+00 -1.015479999999999983e+01 8.907481081081081165e-01
0.000000000000000000e+00 -9.974099999999999966e+00 1.033348108108107954e+00
0.000000000000000000e+00 -9.754249999999998977e+00 1.134198108108108061e+00
0.000000000000000000e+00 -9.564799999999999969e+00 1.220998108108108049e+00
0.000000000000000000e+00 -9.360299999999998732e+00 1.333448108108107988e+00
0.000000000000000000e+00 -9.166699999999998738e+00 1.459648108108108078e+00
0.000000000000000000e+00 -8.960599999999999454e+00 1.578898108108107934e+00
0.000000000000000000e+00 -8.753849999999999909e+00 1.685998108108107907e+00
0.000000000000000000e+00 -8.574199999999999378e+00 1.772148108108108078e+00
0.000000000000000000e+00 -8.356950000000001211e+00 1.871498108108108127e+00
0.000000000000000000e+00 -8.161799999999999500e+00 1.935298108108107984e+00
0.000000000000000000e+00 -7.962550000000000239e+00 2.003648108108107895e+00
0.000000000000000000e+00 -7.760149999999999437e+00 2.038248108108108081e+00
0.000000000000000000e+00 -7.561650000000000205e+00 2.073548108108107968e+00
0.000000000000000000e+00 -7.353749999999999787e+00 2.092598108108107979e+00
0.000000000000000000e+00 -7.167650000000000077e+00 2.092598108108107979e+00
0.000000000000000000e+00 -6.959600000000000009e+00 2.103348108108107795e+00
0.000000000000000000e+00 -6.755649999999999267e+00 2.080848108108107830e+00
0.000000000000000000e+00 -6.570949999999999847e+00 2.045848108108108132e+00
0.000000000000000000e+00 -6.357350000000000279e+00 2.000048108108107847e+00
0.000000000000000000e+00 -6.166800000000000281e+00 1.986298108108107918e+00
0.000000000000000000e+00 -5.957549999999999457e+00 1.905048108108108096e+00
0.000000000000000000e+00 -5.768499999999999517e+00 1.867798108108108091e+00
0.000000000000000000e+00 -5.561749999999999972e+00 1.873848108108107979e+00
0.000000000000000000e+00 -5.353799999999999670e+00 1.822948108108108034e+00
0.000000000000000000e+00 -5.169750000000000512e+00 1.803798108108108034e+00
0.000000000000000000e+00 -4.953899999999999970e+00 1.756348108108108041e+00
0.000000000000000000e+00 -4.763949999999999463e+00 1.724348108108108235e+00
0.000000000000000000e+00 -4.558400000000000674e+00 1.693148108108108119e+00
0.000000000000000000e+00 -4.364399999999999835e+00 1.663348108108108070e+00
0.000000000000000000e+00 -4.164099999999999469e+00 1.595898108108108060e+00
0.000000000000000000e+00 -3.955249999999999932e+00 1.564748108108108049e+00
0.000000000000000000e+00 -3.776299999999999990e+00 1.507448108108107920e+00
0.000000000000000000e+00 -3.555799999999999628e+00 1.455198108108108013e+00
0.000000000000000000e+00 -3.360450000000000159e+00 1.402998108108107989e+00
0.000000000000000000e+00 -3.161450000000000315e+00 1.361948108108108180e+00
0.000000000000000000e+00 -2.959100000000000286e+00 1.271698108108108016e+00
0.000000000000000000e+00 -2.763700000000000045e+00 1.244398108108108136e+00
0.000000000000000000e+00 -2.555699999999999861e+00 1.155248108108108074e+00
0.000000000000000000e+00 -2.374049999999999994e+00 1.144148108108108186e+00
0.000000000000000000e+00 -2.160400000000000098e+00 1.087198108108108130e+00
0.000000000000000000e+00 -1.958199999999999941e+00 9.799481081081080625e-01
0.000000000000000000e+00 -1.766399999999999970e+00 9.688981081081080582e-01
0.000000000000000000e+00 -1.558000000000000052e+00 9.028981081081079996e-01
0.000000000000000000e+00 -1.363849999999999785e+00 8.636481081081079925e-01
0.000000000000000000e+00 -1.158449999999999980e+00 7.667981081081081118e-01
0.000000000000000000e+00 -9.665500000000000203e-01 7.324981081081081147e-01
0.000000000000000000e+00 -7.608500000000000263e-01 6.642981081081080763e-01
0.000000000000000000e+00 -5.528500000000000636e-01 6.611481081081080902e-01
0.000000000000000000e+00 -3.702999999999999625e-01 6.011981081081081424e-01
0.000000000000000000e+00 -1.541000000000000147e-01 5.858981081081080511e-01
0.000000000000000000e+00 3.414999999999999980e-02 5.419481081081081175e-01
0.000000000000000000e+00 2.379000000000000004e-01 4.806481081081081519e-01
0.000000000000000000e+00 4.333000000000000185e-01 4.660981081081082000e-01
0.000000000000000000e+00 6.352999999999999758e-01 4.585481081081080879e-01
0.000000000000000000e+00 8.477000000000000091e-01 3.976981081081080727e-01
0.000000000000000000e+00 1.026100000000000012e+00 3.774981081081080769e-01
0.000000000000000000e+00 1.247650000000000148e+00 3.534481081081081166e-01
0.000000000000000000e+00 1.437450000000000117e+00 3.607981081081081398e-01
0.000000000000000000e+00 1.634749999999999925e+00 3.221981081081081166e-01
0.000000000000000000e+00 1.840899999999999981e+00 2.925481081081081070e-01
0.000000000000000000e+00 2.036200000000000010e+00 2.721481081081081332e-01
0.000000000000000000e+00 2.243199999999999861e+00 2.431981081081081020e-01
0.000000000000000000e+00 2.426499999999999879e+00 2.304981081081081129e-01
0.000000000000000000e+00 2.640249999999999986e+00 2.136981081081081313e-01
0.000000000000000000e+00 2.842299999999999827e+00 2.139981081081080982e-01
0.000000000000000000e+00 3.035149999999999793e+00 1.970981081081081276e-01
0.000000000000000000e+00 3.242550000000000043e+00 1.849481081081081335e-01
0.000000000000000000e+00 3.438849999999999962e+00 1.753981081081081306e-01
0.000000000000000000e+00 3.641500000000000181e+00 1.634481081081081144e-01
0.000000000000000000e+00 3.835949999999999971e+00 1.565981081081081194e-01
0.000000000000000000e+00 4.036649999999999849e+00 1.466481081081081328e-01
0.000000000000000000e+00 4.249200000000000088e+00 1.320481081081081032e-01
0.000000000000000000e+00 4.424900000000000055e+00 1.257981081081080976e-01
0.000000000000000000e+00 4.643599999999999284e+00 1.178481081081081128e-01
0.000000000000000000e+00 4.835600000000000342e+00 1.090481081081081105e-01
0.000000000000000000e+00 5.035849999999999937e+00 1.034481081081081166e-01
0.000000000000000000e+00 5.242200000000000415e+00 1.032481081081081109e-01
0.000000000000000000e+00 5.435950000000000060e+00 9.574810810810813200e-02
0.000000000000000000e+00 5.647949999999999804e+00 8.834810810810811432e-02
0.000000000000000000e+00 5.824099999999999611e+00 8.609810810810811232e-02
0.000000000000000000e+00 6.043149999999999800e+00 7.949810810810811756e-02
0.000000000000000000e+00 6.239549999999999486e+00 7.114810810810812125e-02
0.000000000000000000e+00 6.435200000000000031e+00 6.534810810810812165e-02
0.000000000000000000e+00 6.641149999999999665e+00 5.949810810810810674e-02
0.000000000000000000e+00 6.834749999999999659e+00 6.229810810810811755e-02
0.000000000000000000e+00 7.045049999999999812e+00 5.274810810810811462e-02
0.000000000000000000e+00 7.224000000000000199e+00 4.914810810810810865e-02
0.000000000000000000e+00 7.441649999999999210e+00 4.094810810810810969e-02
0.000000000000000000e+00 7.643299999999999983e+00 3.694810810810810614e-02
0.000000000000000000e+00 7.833499999999999908e+00 3.079810810810811733e-02
0.000000000000000000e+00 8.044399999999999551e+00 2.734810810810810872e-02
0.000000000000000000e+00 8.236599999999999255e+00 2.394810810810810847e-02
0.000000000000000000e+00 8.441100000000000492e+00 2.094810810810810581e-02
0.000000000000000000e+00 8.634800000000000253e+00 2.014810810810811065e-02
0.000000000000000000e+00 8.839400000000001256e+00 1.554810810810810379e-02
0.000000000000000000e+00 9.045849999999999724e+00 1.274810810810810685e-02
0.000000000000000000e+00 9.228750000000001563e+00 1.034810810810810749e-02
0.000000000000000000e+00 9.442149999999999821e+00 7.948108108108108139e-03
0.000000000000000000e+00 9.637449999999999406e+00 7.698108108108107916e-03
0.000000000000000000e+00 9.837299999999999045e+00 3.498108108108112513e-03
0.000000000000000000e+00 1.004105000000000025e+01 4.048108108108107450e-03
0.000000000000000000e+00 1.023629999999999995e+01 3.898108108108110093e-03
