0.000000000000000000e+00 -1.036080000000000112e+01 4.519219219219217099e-04
0.000000000000000000e+00 -1.015409999999999968e+01 5.101921921921923064e-03
0.000000000000000000e+00 -9.971999999999999531e+00 9.401921921921921332e-03
0.000000000000000000e+00 -9.754049999999999443e+00 2.085192192192192318e-02
0.000000000000000000e+00 -9.564750000000000085e+00 5.575192192192193058e-02
0.000000000000000000e+00 -9.360450000000000159e+00 1.103519219219219194e-01
0.000000000000000000e+00 -9.166499999999999204e+00 1.855519219219219085e-01
0.000000000000000000e+00 -8.961249999999999716e+00 3.319519219219218553e-01
0.000000000000000000e+00 -8.752850000000000463e+00 5.058019219219219709e-01
0.000000000000000000e+00 -8.574099999999999611e+00 6.987519219219219258e-01
0.000000000000000000e+00 -8.356549999999998590e+00 7.907019219219219019e-01
0.000000000000000000e+00 -8.161950000000000927e+00 1.060501921921921831e+00
0.000000000000000000e+00 -7.961899999999999977e+00 1.287901921921921877e+00
0.000000000000000000e+00 -7.758150000000000546e+00 1.462651921921922060e+00
0.000000000000000000e+00 -7.561249999999999361e+00 1.833101921921922006e+00
0.000000000000000000e+00 -7.353200000000000180e+00 2.277401921921921701e+00
0.000000000000000000e+00 -7.167550000000000310e+00 2.746801921921921519e+00
0.000000000000000000e+00 -6.959200000000000053e+00 3.361151921921921915e+00
0.000000000000000000e+00 -6.755499999999999616e+00 3.980751921921921621e+00
0.000000000000000000e+00 -6.569849999999999746e+00 4.360551921921921981e+00
0.000000000000000000e+00 -6.354899999999999771e+00 4.684751921921922246e+00
0.000000000000000000e+00 -6.167250000000000121e+00 5.004501921921921337e+00
0.000000000000000000e+00 -5.956649999999999778e+00 5.182651921921921812e+00
0.000000000000000000e+00 -5.766199999999999548e+00 5.329301921921921981e+00
0.000000000000000000e+00 -5.561149999999999594e+00 5.311851921921921793e+00
0.000000000000000000e+00 -5.353550000000000253e+00 5.124551921921922215e+00
0.000000000000000000e+00 -5.169450000000000323e+00 4.855851921921921388e+00
0.000000000000000000e+00 -4.955099999999999838e+00 4.795151921921921634e+00
0.000000000000000000e+00 -4.763099999999999667e+00 4.264601921921921779e+00
0.000000000000000000e+00 -4.557249999999999801e+00 3.827401921921921968e+00
0.000000000000000000e+00 -4.366749999999999687e+00 3.290601921921922024e+00
0.000000000000000000e+00 -4.163549999999999862e+00 2.841201921921921780e+00
0.000000000000000000e+00 -3.954550000000000232e+00 2.366951921921921720e+00
0.000000000000000000e+00 -3.774300000000000210e+00 1.958751921921921824e+00
0.000000000000000000e+00 -3.554549999999999876e+00 1.554551921921921931e+00
0.000000000000000000e+00 -3.359449999999999825e+00 1.252651921921921874e+00
0.000000000000000000e+00 -3.160099999999999909e+00 1.051051921921921650e+00
0.000000000000000000e+00 -2.957650000000000112e+00 8.302519219219218760e-01
0.000000000000000000e+00 -2.763650000000000162e+00 6.261019219219219334e-01
0.000000000000000000e+00 -2.555600000000000094e+00 4.876019219219219214e-01
0.000000000000000000e+00 -2.373699999999999921e+00 3.249019219219218546e-01
0.000000000000000000e+00 -2.160499999999999865e+00 2.186019219219219323e-01
0.000000000000000000e+00 -1.956849999999999978e+00 1.393519219219219452e-01
0.000000000000000000e+00 -1.766150000000000109e+00 7.790192192192191278e-02
0.000000000000000000e+00 -1.558450000000000113e+00 4.520192192192192676e-02
0.000000000000000000e+00 -1.363099999999999978e+00 2.090192192192192461e-02
0.000000000000000000e+00 -1.157599999999999962e+00 8.001921921921922864e-03
