0.000000000000000000e+00 -1.975524999999999665e+01 6.391366366366363350e-03
0.000000000000000000e+00 -1.956954999999999956e+01 5.391366366366362461e-03
0.000000000000000000e+00 -1.935699999999999932e+01 8.291366366366362262e-03
0.000000000000000000e+00 -1.916754999999999853e+01 7.091366366366355645e-03
0.000000000000000000e+00 -1.895915000000000106e+01 6.591366366366355201e-03
0.000000000000000000e+00 -1.877045000000000030e+01 9.041366366366362928e-03
0.000000000000000000e+00 -1.856190000000000140e+01 1.024136636636635567e-02
0.000000000000000000e+00 -1.835444999999999993e+01 1.184136636636635986e-02
0.000000000000000000e+00 -1.817394999999999783e+01 1.304136636636635954e-02
0.000000000000000000e+00 -1.795660000000000167e+01 1.239136636636636174e-02
0.000000000000000000e+00 -1.775935000000000130e+01 1.599136636636636077e-02
0.000000000000000000e+00 -1.756279999999999930e+01 1.649136636636636122e-02
0.000000000000000000e+00 -1.736305000000000121e+01 2.019136636636635618e-02
0.000000000000000000e+00 -1.716474999999999795e+01 2.279136636636636126e-02
0.000000000000000000e+00 -1.695284999999999798e+01 2.514136636636635225e-02
0.000000000000000000e+00 -1.677224999999999966e+01 2.964136636636635624e-02
0.000000000000000000e+00 -1.655819999999999936e+01 3.154136636636635516e-02
0.000000000000000000e+00 -1.635620000000000118e+01 3.634136636636636775e-02
0.000000000000000000e+00 -1.616510000000000247e+01 4.119136636636636095e-02
0.000000000000000000e+00 -1.595329999999999870e+01 4.969136636636636850e-02
0.000000000000000000e+00 -1.576184999999999903e+01 5.319136636636637161e-02
0.000000000000000000e+00 -1.555405000000000015e+01 5.729136636636636415e-02
0.000000000000000000e+00 -1.537119999999999997e+01 6.349136636636634745e-02
0.000000000000000000e+00 -1.515834999999999866e+01 7.114136636636636535e-02
0.000000000000000000e+00 -1.495820000000000149e+01 7.534136636636636075e-02
0.000000000000000000e+00 -1.477159999999999940e+01 8.079136636636635727e-02
0.000000000000000000e+00 -1.455499999999999972e+01 8.974136636636637077e-02
0.000000000000000000e+00 -1.436490000000000045e+01 9.519136636636635340e-02
0.000000000000000000e+00 -1.415634999999999977e+01 1.033913663663663662e-01
0.000000000000000000e+00 -1.396635000000000026e+01 1.116913663663663681e-01
0.000000000000000000e+00 -1.376309999999999967e+01 1.222913663663663664e-01
0.000000000000000000e+00 -1.355414999999999992e+01 1.341413663663663380e-01
0.000000000000000000e+00 -1.337249999999999872e+01 1.498413663663663853e-01
0.000000000000000000e+00 -1.315915000000000035e+01 1.647413663663663541e-01
0.000000000000000000e+00 -1.295979999999999954e+01 1.790913663663663558e-01
0.000000000000000000e+00 -1.276319999999999943e+01 2.052913663663663568e-01
0.000000000000000000e+00 -1.255829999999999913e+01 2.277413663663663546e-01
0.000000000000000000e+00 -1.236274999999999835e+01 2.607413663663663561e-01
0.000000000000000000e+00 -1.215435000000000088e+01 2.797413663663663730e-01
0.000000000000000000e+00 -1.197224999999999895e+01 3.232413663663663561e-01
0.000000000000000000e+00 -1.175795000000000101e+01 3.733413663663662785e-01
0.000000000000000000e+00 -1.155515000000000114e+01 3.997413663663663685e-01
0.000000000000000000e+00 -1.136694999999999922e+01 4.472413663663663552e-01
0.000000000000000000e+00 -1.115350000000000108e+01 4.961413663663664098e-01
0.000000000000000000e+00 -1.096630000000000038e+01 5.313413663663663078e-01
0.000000000000000000e+00 -1.075574999999999903e+01 5.796413663663663174e-01
0.000000000000000000e+00 -1.057319999999999993e+01 6.423413663663662954e-01
0.000000000000000000e+00 -1.036129999999999995e+01 7.086413663663663209e-01
0.000000000000000000e+00 -1.015589999999999904e+01 7.815413663663662858e-01
0.000000000000000000e+00 -9.972249999999998948e+00 8.461913663663663820e-01
0.000000000000000000e+00 -9.752250000000000085e+00 9.348913663663663831e-01
0.000000000000000000e+00 -9.563150000000000261e+00 1.020141366366366320e+00
0.000000000000000000e+00 -9.359099999999999753e+00 1.105341366366366262e+00
0.000000000000000000e+00 -9.167099999999999582e+00 1.252541366366366482e+00
0.000000000000000000e+00 -8.961949999999999861e+00 1.334941366366366289e+00
0.000000000000000000e+00 -8.753999999999999559e+00 1.479741366366366329e+00
0.000000000000000000e+00 -8.574500000000000455e+00 1.617691366366366346e+00
0.000000000000000000e+00 -8.357700000000001239e+00 1.755691366366366246e+00
0.000000000000000000e+00 -8.162250000000000227e+00 1.875941366366366436e+00
0.000000000000000000e+00 -7.962749999999999773e+00 1.974291366366366152e+00
0.000000000000000000e+00 -7.759700000000000486e+00 2.089041366366366503e+00
0.000000000000000000e+00 -7.561899999999999622e+00 2.151841366366366248e+00
0.000000000000000000e+00 -7.354000000000000092e+00 2.207091366366366270e+00
0.000000000000000000e+00 -7.168300000000000338e+00 2.240091366366366632e+00
0.000000000000000000e+00 -6.958600000000000563e+00 2.267691366366366257e+00
0.000000000000000000e+00 -6.755800000000000693e+00 2.251891366366366665e+00
0.000000000000000000e+00 -6.570750000000000313e+00 2.259291366366366294e+00
0.000000000000000000e+00 -6.356899999999999551e+00 2.224591366366366341e+00
0.000000000000000000e+00 -6.166100000000000136e+00 2.194991366366366492e+00
0.000000000000000000e+00 -5.956999999999999851e+00 2.155841366366366696e+00
0.000000000000000000e+00 -5.767999999999999794e+00 2.127341366366366504e+00
0.000000000000000000e+00 -5.561650000000000205e+00 2.100141366366366391e+00
0.000000000000000000e+00 -5.353250000000000064e+00 2.087391366366366352e+00
0.000000000000000000e+00 -5.170500000000000540e+00 2.042741366366366496e+00
0.000000000000000000e+00 -4.954800000000000537e+00 2.001641366366366359e+00
0.000000000000000000e+00 -4.763149999999999551e+00 1.955241366366366584e+00
0.000000000000000000e+00 -4.558250000000000135e+00 1.913541366366366514e+00
0.000000000000000000e+00 -4.364850000000000563e+00 1.857441366366366253e+00
0.000000000000000000e+00 -4.162449999999999761e+00 1.798441366366366534e+00
0.000000000000000000e+00 -3.955350000000000144e+00 1.754891366366366334e+00
0.000000000000000000e+00 -3.777299999999999880e+00 1.694841366366366398e+00
0.000000000000000000e+00 -3.555299999999999905e+00 1.634141366366366421e+00
0.000000000000000000e+00 -3.359849999999999781e+00 1.580141366366366373e+00
0.000000000000000000e+00 -3.160849999999999937e+00 1.498341366366366501e+00
0.000000000000000000e+00 -2.958849999999999980e+00 1.443241366366366574e+00
0.000000000000000000e+00 -2.761949999999999683e+00 1.372491366366366483e+00
0.000000000000000000e+00 -2.556000000000000050e+00 1.331041366366366496e+00
0.000000000000000000e+00 -2.374349999999999739e+00 1.240591366366366355e+00
0.000000000000000000e+00 -2.160199999999999676e+00 1.165091366366366454e+00
0.000000000000000000e+00 -1.957699999999999996e+00 1.052641366366366515e+00
0.000000000000000000e+00 -1.767800000000000038e+00 1.025991366366366453e+00
0.000000000000000000e+00 -1.558300000000000018e+00 9.460913663663662598e-01
0.000000000000000000e+00 -1.362999999999999989e+00 8.928913663663663458e-01
0.000000000000000000e+00 -1.158049999999999802e+00 8.519913663663662984e-01
0.000000000000000000e+00 -9.692000000000000615e-01 7.676413663663662623e-01
0.000000000000000000e+00 -7.593499999999999694e-01 7.190413663663662858e-01
0.000000000000000000e+00 -5.521500000000000297e-01 6.688413663663662634e-01
0.000000000000000000e+00 -3.725499999999999923e-01 6.331413663663663094e-01
0.000000000000000000e+00 -1.530500000000000194e-01 6.084413663663663652e-01
0.000000000000000000e+00 3.470000000000000168e-02 5.475413663663663000e-01
0.000000000000000000e+00 2.372500000000000164e-01 5.120413663663663240e-01
0.000000000000000000e+00 4.351499999999999813e-01 4.671913663663663785e-01
0.000000000000000000e+00 6.367000000000000437e-01 4.525413663663663266e-01
0.000000000000000000e+00 8.483000000000000540e-01 4.058913663663663574e-01
0.000000000000000000e+00 1.026149999999999896e+00 3.823913663663663920e-01
0.000000000000000000e+00 1.247049999999999992e+00 3.372413663663663685e-01
0.000000000000000000e+00 1.439300000000000024e+00 3.216413663663663103e-01
0.000000000000000000e+00 1.635800000000000143e+00 2.963413663663663211e-01
0.000000000000000000e+00 1.842049999999999965e+00 2.795913663663663895e-01
0.000000000000000000e+00 2.036649999999999849e+00 2.459413663663663485e-01
0.000000000000000000e+00 2.244150000000000311e+00 2.442413663663663692e-01
0.000000000000000000e+00 2.427299999999999791e+00 2.154913663663663714e-01
0.000000000000000000e+00 2.639499999999999957e+00 1.979913663663663559e-01
0.000000000000000000e+00 2.841849999999999987e+00 1.843913663663663549e-01
0.000000000000000000e+00 3.035299999999999887e+00 1.730913663663663782e-01
0.000000000000000000e+00 3.242849999999999788e+00 1.646413663663663651e-01
0.000000000000000000e+00 3.439249999999999918e+00 1.569913663663663750e-01
0.000000000000000000e+00 3.642749999999999932e+00 1.432913663663663573e-01
0.000000000000000000e+00 3.837250000000000050e+00 1.360913663663663453e-01
0.000000000000000000e+00 4.037850000000000605e+00 1.306413663663663627e-01
0.000000000000000000e+00 4.248199999999999754e+00 1.176913663663663734e-01
0.000000000000000000e+00 4.424199999999999910e+00 1.133913663663663474e-01
0.000000000000000000e+00 4.644700000000000273e+00 1.008413663663663418e-01
0.000000000000000000e+00 4.836999999999999744e+00 9.479136636636636970e-02
0.000000000000000000e+00 5.036900000000000155e+00 9.684136636636636597e-02
0.000000000000000000e+00 5.243700000000000472e+00 8.959136636636635953e-02
0.000000000000000000e+00 5.435299999999999798e+00 8.079136636636635727e-02
0.000000000000000000e+00 5.648749999999999716e+00 7.564136636636635547e-02
0.000000000000000000e+00 5.824449999999999683e+00 6.989136636636636424e-02
0.000000000000000000e+00 6.043400000000000105e+00 7.109136636636635698e-02
0.000000000000000000e+00 6.239150000000000418e+00 6.189136636636635713e-02
0.000000000000000000e+00 6.435900000000000176e+00 5.849136636636635689e-02
0.000000000000000000e+00 6.640699999999999825e+00 5.694136636636636106e-02
0.000000000000000000e+00 6.834049999999999514e+00 5.409136636636635576e-02
0.000000000000000000e+00 7.045550000000000423e+00 4.634136636636634887e-02
0.000000000000000000e+00 7.220250000000000057e+00 4.589136636636635680e-02
0.000000000000000000e+00 7.441599999999999326e+00 3.809136636636635542e-02
0.000000000000000000e+00 7.643850000000000477e+00 3.574136636636635056e-02
0.000000000000000000e+00 7.833249999999999602e+00 3.369136636636635429e-02
0.000000000000000000e+00 8.045100000000001472e+00 3.039136636636635691e-02
0.000000000000000000e+00 8.236900000000000333e+00 2.674136636636635644e-02
0.000000000000000000e+00 8.442099999999999937e+00 2.329136636636636171e-02
0.000000000000000000e+00 8.635349999999998971e+00 1.959136636636636675e-02
0.000000000000000000e+00 8.839449999999999363e+00 1.784136636636636519e-02
0.000000000000000000e+00 9.045749999999999957e+00 1.854136636636635749e-02
0.000000000000000000e+00 9.227600000000000691e+00 1.429136636636636065e-02
0.000000000000000000e+00 9.443099999999999383e+00 1.294136636636636362e-02
0.000000000000000000e+00 9.639050000000001006e+00 1.144136636636636228e-02
0.000000000000000000e+00 9.837099999999999511e+00 1.179136636636635843e-02
0.000000000000000000e+00 1.004119999999999990e+01 9.241366366366361718e-03
0.000000000000000000e+00 1.023620000000000019e+01 8.541366366366362484e-03
0.000000000000000000e+00 1.044699999999999918e+01 6.991366366366359719e-03
0.000000000000000000e+00 1.062345000000000006e+01 5.291366366366359597e-03
0.000000000000000000e+00 1.084420000000000073e+01 9.141366366366358853e-03
0.000000000000000000e+00 1.103904999999999959e+01 5.341366366366361029e-03
0.000000000000000000e+00 1.123290000000000077e+01 4.141366366366361351e-03
0.000000000000000000e+00 1.144209999999999994e+01 4.591366366366353424e-03
