0.000000000000000000e+00 -1.477009999999999934e+01 3.832582582582594322e-04
0.000000000000000000e+00 -1.455485000000000007e+01 2.833258258258253282e-03
0.000000000000000000e+00 -1.436700000000000088e+01 3.983258258258258466e-03
0.000000000000000000e+00 -1.415704999999999991e+01 6.383258258258250883e-03
0.000000000000000000e+00 -1.396620000000000061e+01 1.283325825825825522e-02
0.000000000000000000e+00 -1.376334999999999908e+01 1.133325825825825389e-02
0.000000000000000000e+00 -1.355365000000000109e+01 1.743325825825825515e-02
0.000000000000000000e+00 -1.337389999999999901e+01 2.118325825825825848e-02
0.000000000000000000e+00 -1.315915000000000035e+01 3.313325825825826076e-02
0.000000000000000000e+00 -1.295935000000000059e+01 4.538325825825825777e-02
0.000000000000000000e+00 -1.276360000000000028e+01 6.178325825825825568e-02
0.000000000000000000e+00 -1.255964999999999954e+01 8.508325825825825695e-02
0.000000000000000000e+00 -1.236364999999999981e+01 1.057832582582582531e-01
0.000000000000000000e+00 -1.215530000000000044e+01 1.264832582582582354e-01
0.000000000000000000e+00 -1.197155000000000058e+01 1.552832582582582832e-01
0.000000000000000000e+00 -1.175870000000000104e+01 1.805832582582582724e-01
0.000000000000000000e+00 -1.155515000000000114e+01 2.118332582582582724e-01
0.000000000000000000e+00 -1.136795000000000044e+01 2.471332582582582704e-01
0.000000000000000000e+00 -1.115409999999999968e+01 2.916332582582582544e-01
0.000000000000000000e+00 -1.096734999999999971e+01 3.449832582582582630e-01
0.000000000000000000e+00 -1.075559999999999938e+01 4.187332582582582452e-01
0.000000000000000000e+00 -1.057325000000000159e+01 4.959332582582582916e-01
0.000000000000000000e+00 -1.036074999999999946e+01 5.839332582582582587e-01
0.000000000000000000e+00 -1.015494999999999948e+01 6.518832582582582136e-01
0.000000000000000000e+00 -9.971999999999999531e+00 7.592832582582582646e-01
0.000000000000000000e+00 -9.753800000000000026e+00 8.311332582582583450e-01
0.000000000000000000e+00 -9.564550000000000551e+00 8.963832582582582642e-01
0.000000000000000000e+00 -9.359899999999999665e+00 1.026483258258258147e+00
0.000000000000000000e+00 -9.167449999999998766e+00 1.092133258258258133e+00
0.000000000000000000e+00 -8.960950000000000415e+00 1.239633258258258319e+00
0.000000000000000000e+00 -8.752349999999999852e+00 1.362883258258258179e+00
0.000000000000000000e+00 -8.574500000000000455e+00 1.541233258258258187e+00
0.000000000000000000e+00 -8.357950000000000657e+00 1.692783258258258261e+00
0.000000000000000000e+00 -8.163050000000000139e+00 1.907383258258258163e+00
0.000000000000000000e+00 -7.961700000000000443e+00 2.069233258258258434e+00
0.000000000000000000e+00 -7.759450000000000180e+00 2.227383258258258003e+00
0.000000000000000000e+00 -7.561849999999999739e+00 2.462833258258258162e+00
0.000000000000000000e+00 -7.354449999999999932e+00 2.559583258258257832e+00
0.000000000000000000e+00 -7.169150000000000134e+00 2.668733258258258356e+00
0.000000000000000000e+00 -6.958050000000000068e+00 2.720283258258258119e+00
0.000000000000000000e+00 -6.755499999999999616e+00 2.760633258258258227e+00
0.000000000000000000e+00 -6.569650000000000212e+00 2.717133258258258355e+00
0.000000000000000000e+00 -6.357949999999999768e+00 2.731183258258258473e+00
0.000000000000000000e+00 -6.164999999999999147e+00 2.777083258258258081e+00
0.000000000000000000e+00 -5.956300000000000594e+00 2.729783258258258183e+00
0.000000000000000000e+00 -5.768650000000000055e+00 2.672733258258257916e+00
0.000000000000000000e+00 -5.560800000000000409e+00 2.593183258258258128e+00
0.000000000000000000e+00 -5.354300000000000281e+00 2.511233258258258161e+00
0.000000000000000000e+00 -5.170550000000000423e+00 2.429133258258258099e+00
0.000000000000000000e+00 -4.955249999999999488e+00 2.367283258258258360e+00
0.000000000000000000e+00 -4.763099999999999667e+00 2.332433258258258313e+00
0.000000000000000000e+00 -4.557599999999999874e+00 2.228733258258257965e+00
0.000000000000000000e+00 -4.364900000000000446e+00 2.140533258258258353e+00
0.000000000000000000e+00 -4.162349999999999994e+00 2.033683258258258242e+00
0.000000000000000000e+00 -3.956000000000000405e+00 1.923083258258258210e+00
0.000000000000000000e+00 -3.775500000000000078e+00 1.822133258258258337e+00
0.000000000000000000e+00 -3.555849999999999955e+00 1.708933258258258148e+00
0.000000000000000000e+00 -3.358999999999999986e+00 1.634933258258258082e+00
0.000000000000000000e+00 -3.161750000000000060e+00 1.520883258258258097e+00
0.000000000000000000e+00 -2.958849999999999980e+00 1.472733258258258182e+00
0.000000000000000000e+00 -2.764549999999999841e+00 1.381933258258258190e+00
0.000000000000000000e+00 -2.555100000000000371e+00 1.288933258258257997e+00
0.000000000000000000e+00 -2.374249999999999972e+00 1.154883258258258216e+00
0.000000000000000000e+00 -2.160449999999999982e+00 1.131683258258258107e+00
0.000000000000000000e+00 -1.957549999999999901e+00 1.030383258258258161e+00
0.000000000000000000e+00 -1.767549999999999955e+00 9.683332582582583337e-01
0.000000000000000000e+00 -1.556999999999999940e+00 8.809332582582583004e-01
0.000000000000000000e+00 -1.363350000000000062e+00 8.358832582582582660e-01
0.000000000000000000e+00 -1.158199999999999896e+00 7.636832582582583351e-01
0.000000000000000000e+00 -9.670499999999999652e-01 7.387832582582583019e-01
0.000000000000000000e+00 -7.592499999999999805e-01 6.652832582582582921e-01
0.000000000000000000e+00 -5.524000000000000021e-01 6.222832582582582539e-01
0.000000000000000000e+00 -3.733499999999999597e-01 5.737832582582582663e-01
0.000000000000000000e+00 -1.527999999999999914e-01 4.617332582582582834e-01
0.000000000000000000e+00 3.325000000000000178e-02 4.446332582582582793e-01
0.000000000000000000e+00 2.399499999999999966e-01 3.817332582582582678e-01
0.000000000000000000e+00 4.354000000000000092e-01 3.023332582582582972e-01
0.000000000000000000e+00 6.360500000000000043e-01 2.750332582582582508e-01
0.000000000000000000e+00 8.482499999999999485e-01 2.369332582582582836e-01
0.000000000000000000e+00 1.026549999999999851e+00 2.130832582582582457e-01
0.000000000000000000e+00 1.246499999999999941e+00 1.839332582582582365e-01
0.000000000000000000e+00 1.438800000000000079e+00 1.609332582582582716e-01
0.000000000000000000e+00 1.635149999999999881e+00 1.361332582582582829e-01
0.000000000000000000e+00 1.841250000000000053e+00 1.215332582582582671e-01
0.000000000000000000e+00 2.036399999999999988e+00 1.078832582582582716e-01
0.000000000000000000e+00 2.244500000000000384e+00 9.213325825825825766e-02
0.000000000000000000e+00 2.427200000000000024e+00 8.173325825825826507e-02
0.000000000000000000e+00 2.639050000000000118e+00 6.933325825825824296e-02
0.000000000000000000e+00 2.844050000000000189e+00 6.298325825825824842e-02
0.000000000000000000e+00 3.033649999999999736e+00 5.273325825825825319e-02
0.000000000000000000e+00 3.242350000000000065e+00 4.793325825825825448e-02
0.000000000000000000e+00 3.438399999999999679e+00 3.913325825825826609e-02
0.000000000000000000e+00 3.642649999999999721e+00 3.603325825825824669e-02
0.000000000000000000e+00 3.836450000000000138e+00 2.888325825825825699e-02
0.000000000000000000e+00 4.038149999999999906e+00 2.418325825825826114e-02
0.000000000000000000e+00 4.248949999999999783e+00 1.803325825825825846e-02
0.000000000000000000e+00 4.424250000000000682e+00 1.453325825825825535e-02
0.000000000000000000e+00 4.644450000000000855e+00 1.133325825825826083e-02
0.000000000000000000e+00 4.836999999999999744e+00 7.633258258258251994e-03
0.000000000000000000e+00 5.038100000000000023e+00 4.783258258258253626e-03
