0.000000000000000000e+00 -1.315930000000000000e+01 2.102627627627626228e-03
0.000000000000000000e+00 -1.296185000000000009e+01 4.802627627627620299e-03
0.000000000000000000e+00 -1.276234999999999964e+01 1.615262762762761928e-02
0.000000000000000000e+00 -1.256034999999999968e+01 3.200262762762762225e-02
0.000000000000000000e+00 -1.236294999999999966e+01 4.665262762762761861e-02
0.000000000000000000e+00 -1.215459999999999852e+01 7.870262762762762765e-02
0.000000000000000000e+00 -1.197315000000000040e+01 1.057526276276276184e-01
0.000000000000000000e+00 -1.175779999999999959e+01 1.423526276276276259e-01
0.000000000000000000e+00 -1.155529999999999902e+01 1.936026276276276437e-01
0.000000000000000000e+00 -1.136599999999999966e+01 2.408026276276276079e-01
0.000000000000000000e+00 -1.115564999999999962e+01 2.838026276276276461e-01
0.000000000000000000e+00 -1.096754999999999924e+01 3.412026276276275971e-01
0.000000000000000000e+00 -1.075584999999999880e+01 4.192026276276276109e-01
0.000000000000000000e+00 -1.057450000000000045e+01 4.651526276276275462e-01
0.000000000000000000e+00 -1.036195000000000022e+01 5.105526276276275421e-01
0.000000000000000000e+00 -1.015425000000000111e+01 5.664526276276276029e-01
0.000000000000000000e+00 -9.970299999999999940e+00 6.654526276276275798e-01
0.000000000000000000e+00 -9.754400000000000404e+00 7.535026276276276525e-01
0.000000000000000000e+00 -9.562950000000000728e+00 8.168526276276275588e-01
0.000000000000000000e+00 -9.360400000000000276e+00 9.246526276276276768e-01
0.000000000000000000e+00 -9.165700000000001069e+00 1.062352627627627610e+00
0.000000000000000000e+00 -8.962849999999999540e+00 1.172252627627627497e+00
0.000000000000000000e+00 -8.753599999999998715e+00 1.374352627627627665e+00
0.000000000000000000e+00 -8.574300000000000921e+00 1.533602627627627557e+00
0.000000000000000000e+00 -8.357749999999999346e+00 1.645252627627627584e+00
0.000000000000000000e+00 -8.163249999999999673e+00 1.832752627627627584e+00
0.000000000000000000e+00 -7.962199999999999278e+00 1.959302627627627524e+00
0.000000000000000000e+00 -7.760650000000000048e+00 2.094652627627627606e+00
0.000000000000000000e+00 -7.561049999999999827e+00 2.216152627627627769e+00
0.000000000000000000e+00 -7.353749999999999787e+00 2.333202627627627201e+00
0.000000000000000000e+00 -7.170749999999999957e+00 2.406452627627627905e+00
0.000000000000000000e+00 -6.956900000000000084e+00 2.504602627627627420e+00
0.000000000000000000e+00 -6.756700000000000372e+00 2.591152627627627325e+00
0.000000000000000000e+00 -6.570249999999999702e+00 2.665102627627627285e+00
0.000000000000000000e+00 -6.357549999999999812e+00 2.746352627627627552e+00
0.000000000000000000e+00 -6.167049999999999699e+00 2.830702627627627699e+00
0.000000000000000000e+00 -5.958849999999999980e+00 2.917202627627627720e+00
0.000000000000000000e+00 -5.766700000000000159e+00 2.961002627627627781e+00
0.000000000000000000e+00 -5.560449999999999449e+00 2.963252627627627867e+00
0.000000000000000000e+00 -5.353799999999999670e+00 2.983302627627627324e+00
0.000000000000000000e+00 -5.171149999999999913e+00 2.980852627627627704e+00
0.000000000000000000e+00 -4.954399999999999693e+00 2.964752627627627923e+00
0.000000000000000000e+00 -4.763949999999999463e+00 2.985502627627627525e+00
0.000000000000000000e+00 -4.559849999999999959e+00 2.993052627627627693e+00
0.000000000000000000e+00 -4.365550000000000708e+00 2.908202627627627379e+00
0.000000000000000000e+00 -4.163899999999999935e+00 2.857152627627627339e+00
0.000000000000000000e+00 -3.955600000000000005e+00 2.769702627627627756e+00
0.000000000000000000e+00 -3.778049999999999908e+00 2.584302627627627302e+00
0.000000000000000000e+00 -3.555499999999999883e+00 2.349152627627627776e+00
0.000000000000000000e+00 -3.360599999999999810e+00 2.208952627627627674e+00
0.000000000000000000e+00 -3.160499999999999865e+00 1.979602627627627509e+00
0.000000000000000000e+00 -2.958050000000000068e+00 1.777952627627627624e+00
0.000000000000000000e+00 -2.762199999999999989e+00 1.540502627627627685e+00
0.000000000000000000e+00 -2.555449999999999999e+00 1.306352627627627605e+00
0.000000000000000000e+00 -2.372300000000000075e+00 1.092952627627627571e+00
0.000000000000000000e+00 -2.160200000000000120e+00 8.990026276276276151e-01
0.000000000000000000e+00 -1.957300000000000040e+00 7.698526276276276281e-01
0.000000000000000000e+00 -1.767700000000000049e+00 6.379026276276276164e-01
0.000000000000000000e+00 -1.557949999999999946e+00 5.538526276276276583e-01
0.000000000000000000e+00 -1.364149999999999974e+00 4.488026276276276261e-01
0.000000000000000000e+00 -1.157899999999999929e+00 3.622026276276275603e-01
0.000000000000000000e+00 -9.687999999999999945e-01 2.789526276276276251e-01
0.000000000000000000e+00 -7.600500000000000034e-01 2.130026276276276165e-01
0.000000000000000000e+00 -5.516999999999999682e-01 1.574026276276276337e-01
0.000000000000000000e+00 -3.735999999999999877e-01 1.119026276276276072e-01
0.000000000000000000e+00 -1.532999999999999918e-01 8.190262762762762216e-02
0.000000000000000000e+00 3.254999999999999560e-02 5.560262762762761823e-02
0.000000000000000000e+00 2.381500000000000006e-01 3.135262762762762445e-02
0.000000000000000000e+00 4.352000000000000313e-01 1.275262762762761903e-02
