0.000000000000000000e+00 -1.436555000000000071e+01 2.339144144144135462e-03
0.000000000000000000e+00 -1.415695000000000014e+01 4.389144144144131732e-03
0.000000000000000000e+00 -1.396545000000000059e+01 4.389144144144131732e-03
0.000000000000000000e+00 -1.376179999999999914e+01 8.589144144144134074e-03
0.000000000000000000e+00 -1.355274999999999963e+01 1.523914414414413721e-02
0.000000000000000000e+00 -1.337399999999999878e+01 2.668914414414414599e-02
0.000000000000000000e+00 -1.315820000000000078e+01 3.868914414414412889e-02
0.000000000000000000e+00 -1.296015000000000050e+01 5.848914414414414092e-02
0.000000000000000000e+00 -1.276204999999999856e+01 7.878914414414414646e-02
0.000000000000000000e+00 -1.255914999999999893e+01 1.011891441441441220e-01
0.000000000000000000e+00 -1.236230000000000118e+01 1.230391441441441303e-01
0.000000000000000000e+00 -1.215449999999999875e+01 1.485391441441441251e-01
0.000000000000000000e+00 -1.197124999999999950e+01 1.724891441441441242e-01
0.000000000000000000e+00 -1.175799999999999912e+01 2.058391441441441427e-01
0.000000000000000000e+00 -1.155700000000000038e+01 2.495891441441440983e-01
0.000000000000000000e+00 -1.136639999999999873e+01 2.957391441441441504e-01
0.000000000000000000e+00 -1.115320000000000000e+01 3.619391441441441870e-01
0.000000000000000000e+00 -1.096689999999999898e+01 4.237891441441441476e-01
0.000000000000000000e+00 -1.075619999999999976e+01 5.052891441441441644e-01
0.000000000000000000e+00 -1.057399999999999984e+01 5.749891441441442597e-01
0.000000000000000000e+00 -1.036110000000000042e+01 6.440391441441442044e-01
0.000000000000000000e+00 -1.015450000000000053e+01 7.408891441441441961e-01
0.000000000000000000e+00 -9.972300000000000608e+00 7.928391441441441367e-01
0.000000000000000000e+00 -9.754149999999999210e+00 9.349891441441441353e-01
0.000000000000000000e+00 -9.564000000000000057e+00 1.001489144144144028e+00
0.000000000000000000e+00 -9.358999999999999986e+00 1.122939144144144086e+00
0.000000000000000000e+00 -9.165099999999998914e+00 1.231689144144143988e+00
0.000000000000000000e+00 -8.961600000000000676e+00 1.397539144144144041e+00
0.000000000000000000e+00 -8.753099999999999881e+00 1.492089144144144175e+00
0.000000000000000000e+00 -8.574699999999999989e+00 1.657789144144143911e+00
0.000000000000000000e+00 -8.356749999999999901e+00 1.858189144144144045e+00
0.000000000000000000e+00 -8.162800000000000722e+00 2.001739144144143889e+00
0.000000000000000000e+00 -7.961700000000000443e+00 2.126289144144144050e+00
0.000000000000000000e+00 -7.760699999999999932e+00 2.297939144144144130e+00
0.000000000000000000e+00 -7.560850000000000293e+00 2.417139144144143881e+00
0.000000000000000000e+00 -7.353849999999999554e+00 2.566389144144144208e+00
0.000000000000000000e+00 -7.169400000000000439e+00 2.652639144144143923e+00
0.000000000000000000e+00 -6.957900000000000418e+00 2.686739144144144387e+00
0.000000000000000000e+00 -6.755950000000000344e+00 2.757389144144144044e+00
0.000000000000000000e+00 -6.567899999999999849e+00 2.762239144144144287e+00
0.000000000000000000e+00 -6.358499999999999375e+00 2.763189144144143850e+00
0.000000000000000000e+00 -6.166349999999999554e+00 2.690739144144143946e+00
0.000000000000000000e+00 -5.957300000000000040e+00 2.653739144144144024e+00
0.000000000000000000e+00 -5.766049999999999898e+00 2.665339144144144079e+00
0.000000000000000000e+00 -5.561250000000000249e+00 2.606789144144144199e+00
0.000000000000000000e+00 -5.353299999999999947e+00 2.537489144144144060e+00
0.000000000000000000e+00 -5.171300000000000452e+00 2.490589144144144118e+00
0.000000000000000000e+00 -4.954399999999999693e+00 2.387739144144144010e+00
0.000000000000000000e+00 -4.762750000000000483e+00 2.312889144144143927e+00
0.000000000000000000e+00 -4.558250000000000135e+00 2.206489144144143655e+00
0.000000000000000000e+00 -4.364100000000000534e+00 2.120139144144144172e+00
0.000000000000000000e+00 -4.163549999999999862e+00 1.998139144144144286e+00
0.000000000000000000e+00 -3.955149999999999721e+00 1.904589144144144042e+00
0.000000000000000000e+00 -3.776550000000000296e+00 1.786989144144143893e+00
0.000000000000000000e+00 -3.556199999999999584e+00 1.621739144144143996e+00
0.000000000000000000e+00 -3.360949999999999882e+00 1.612589144144144004e+00
0.000000000000000000e+00 -3.160700000000000287e+00 1.520739144144144017e+00
0.000000000000000000e+00 -2.958299999999999930e+00 1.387039144144144087e+00
0.000000000000000000e+00 -2.762850000000000250e+00 1.304439144144144080e+00
0.000000000000000000e+00 -2.555849999999999955e+00 1.212389144144144115e+00
0.000000000000000000e+00 -2.373800000000000132e+00 1.119739144144143994e+00
0.000000000000000000e+00 -2.160849999999999937e+00 1.035139144144144208e+00
0.000000000000000000e+00 -1.955999999999999961e+00 9.907891441441442071e-01
0.000000000000000000e+00 -1.768050000000000122e+00 8.956891441441441337e-01
0.000000000000000000e+00 -1.557299999999999907e+00 8.717391441441441069e-01
0.000000000000000000e+00 -1.363049999999999873e+00 8.050891441441441199e-01
0.000000000000000000e+00 -1.157699999999999951e+00 7.304391441441441257e-01
0.000000000000000000e+00 -9.686000000000000165e-01 6.814891441441441877e-01
0.000000000000000000e+00 -7.590999999999999970e-01 5.922891441441441307e-01
0.000000000000000000e+00 -5.510999999999999233e-01 5.714891441441442010e-01
0.000000000000000000e+00 -3.712999999999999634e-01 5.010891441441441829e-01
0.000000000000000000e+00 -1.539499999999999758e-01 4.381891441441441160e-01
0.000000000000000000e+00 3.350000000000000200e-02 3.837391441441441176e-01
0.000000000000000000e+00 2.376500000000000001e-01 3.362391441441441309e-01
0.000000000000000000e+00 4.350999999999999868e-01 2.655891441441441403e-01
0.000000000000000000e+00 6.361999999999999877e-01 2.186891441441441153e-01
0.000000000000000000e+00 8.487999999999999989e-01 1.794391441441441082e-01
0.000000000000000000e+00 1.026599999999999957e+00 1.543891441441441192e-01
0.000000000000000000e+00 1.245900000000000007e+00 1.221891441441441406e-01
0.000000000000000000e+00 1.440350000000000019e+00 1.110891441441441418e-01
0.000000000000000000e+00 1.635499999999999954e+00 9.523914414414413887e-02
0.000000000000000000e+00 1.841899999999999871e+00 7.973914414414412510e-02
0.000000000000000000e+00 2.036900000000000155e+00 7.218914414414412395e-02
0.000000000000000000e+00 2.244550000000000267e+00 6.158914414414413258e-02
0.000000000000000000e+00 2.429050000000000153e+00 5.198914414414413515e-02
0.000000000000000000e+00 2.640749999999999709e+00 4.228914414414413486e-02
0.000000000000000000e+00 2.842349999999999710e+00 3.613914414414413218e-02
0.000000000000000000e+00 3.035449999999999982e+00 2.743914414414414665e-02
0.000000000000000000e+00 3.242550000000000043e+00 2.098914414414413537e-02
0.000000000000000000e+00 3.437349999999999905e+00 1.613914414414413523e-02
0.000000000000000000e+00 3.641899999999999693e+00 1.283914414414413091e-02
0.000000000000000000e+00 3.835599999999999898e+00 1.033914414414413563e-02
0.000000000000000000e+00 4.038449999999999207e+00 5.439144144144140991e-03
