0.000000000000000000e+00 -1.276320000000000121e+01 3.770570570570536129e-04
0.000000000000000000e+00 -1.256020000000000003e+01 4.377057057057057166e-03
0.000000000000000000e+00 -1.236364999999999981e+01 6.927057057057053879e-03
0.000000000000000000e+00 -1.215494999999999948e+01 1.852705705705705308e-02
0.000000000000000000e+00 -1.197049999999999947e+01 2.757705705705705557e-02
0.000000000000000000e+00 -1.175910000000000011e+01 4.132705705705705390e-02
0.000000000000000000e+00 -1.155620000000000047e+01 6.282705705705704524e-02
0.000000000000000000e+00 -1.136779999999999902e+01 8.412705705705705861e-02
0.000000000000000000e+00 -1.115370000000000061e+01 1.155270570570570421e-01
0.000000000000000000e+00 -1.096720000000000006e+01 1.427770570570570385e-01
0.000000000000000000e+00 -1.075600000000000023e+01 1.931270570570570444e-01
0.000000000000000000e+00 -1.057414999999999949e+01 2.323770570570570515e-01
0.000000000000000000e+00 -1.036180000000000057e+01 3.071770570570571124e-01
0.000000000000000000e+00 -1.015455000000000041e+01 3.586270570570571081e-01
0.000000000000000000e+00 -9.972599999999999909e+00 4.328770570570570353e-01
0.000000000000000000e+00 -9.753599999999998715e+00 5.133770570570570513e-01
0.000000000000000000e+00 -9.563299999999999912e+00 5.424270570570570715e-01
0.000000000000000000e+00 -9.360050000000001091e+00 6.169270570570570822e-01
0.000000000000000000e+00 -9.167300000000000892e+00 7.550270570570570827e-01
0.000000000000000000e+00 -8.961950000000001637e+00 8.112770570570571049e-01
0.000000000000000000e+00 -8.754350000000000520e+00 9.580770570570570355e-01
0.000000000000000000e+00 -8.576100000000000279e+00 1.031927057057056896e+00
0.000000000000000000e+00 -8.357450000000000045e+00 1.210677057057056860e+00
0.000000000000000000e+00 -8.163350000000001216e+00 1.297377057057056859e+00
0.000000000000000000e+00 -7.961949999999999861e+00 1.427127057057056891e+00
0.000000000000000000e+00 -7.760450000000000514e+00 1.586377057057057005e+00
0.000000000000000000e+00 -7.561949999999999505e+00 1.874027057057056966e+00
0.000000000000000000e+00 -7.354700000000000237e+00 2.049327057057056756e+00
0.000000000000000000e+00 -7.169550000000000090e+00 2.221377057057057236e+00
0.000000000000000000e+00 -6.958849999999999980e+00 2.425327057057057090e+00
0.000000000000000000e+00 -6.755700000000000038e+00 2.609527057057056787e+00
0.000000000000000000e+00 -6.571550000000000225e+00 2.724927057057056956e+00
0.000000000000000000e+00 -6.358399999999999608e+00 2.871727057057056776e+00
0.000000000000000000e+00 -6.166500000000000092e+00 2.899827057057057011e+00
0.000000000000000000e+00 -5.958099999999999952e+00 2.971277057057056581e+00
0.000000000000000000e+00 -5.768150000000000333e+00 3.052277057057056986e+00
0.000000000000000000e+00 -5.560299999999999798e+00 3.054977057057056911e+00
0.000000000000000000e+00 -5.352999999999999758e+00 3.060677057057056949e+00
0.000000000000000000e+00 -5.171450000000000102e+00 3.041927057057057127e+00
0.000000000000000000e+00 -4.954200000000000159e+00 2.950127057057057023e+00
0.000000000000000000e+00 -4.764300000000000423e+00 2.932477057057057301e+00
0.000000000000000000e+00 -4.558500000000000441e+00 2.784527057057056609e+00
0.000000000000000000e+00 -4.365550000000000708e+00 2.738027057057056624e+00
0.000000000000000000e+00 -4.164049999999999585e+00 2.654127057057056760e+00
0.000000000000000000e+00 -3.955950000000000077e+00 2.630577057057057022e+00
0.000000000000000000e+00 -3.777149999999999785e+00 2.453677057057056743e+00
0.000000000000000000e+00 -3.556400000000000006e+00 2.234227057057057042e+00
0.000000000000000000e+00 -3.361450000000000049e+00 2.185627057057057065e+00
0.000000000000000000e+00 -3.160250000000000004e+00 2.043427057057057183e+00
0.000000000000000000e+00 -2.960049999999999848e+00 1.836127057057056922e+00
0.000000000000000000e+00 -2.763250000000000206e+00 1.683827057057057042e+00
0.000000000000000000e+00 -2.555400000000000116e+00 1.506027057057056862e+00
0.000000000000000000e+00 -2.374349999999999739e+00 1.348127057057057154e+00
0.000000000000000000e+00 -2.161100000000000243e+00 1.238827057057056980e+00
0.000000000000000000e+00 -1.957949999999999857e+00 1.125727057057057001e+00
0.000000000000000000e+00 -1.767500000000000071e+00 1.030827057057057017e+00
0.000000000000000000e+00 -1.557850000000000179e+00 9.415770570570570763e-01
0.000000000000000000e+00 -1.362849999999999895e+00 8.360770570570571492e-01
0.000000000000000000e+00 -1.158500000000000085e+00 7.532270570570570589e-01
0.000000000000000000e+00 -9.685000000000000275e-01 6.778270570570571474e-01
0.000000000000000000e+00 -7.591499999999999915e-01 5.550270570570571271e-01
0.000000000000000000e+00 -5.527500000000000746e-01 4.987270570570571104e-01
0.000000000000000000e+00 -3.756000000000000449e-01 4.205270570570570632e-01
0.000000000000000000e+00 -1.533499999999999863e-01 3.152770570570571085e-01
0.000000000000000000e+00 3.359999999999999792e-02 2.880270570570571120e-01
0.000000000000000000e+00 2.383500000000000063e-01 2.525270570570570250e-01
0.000000000000000000e+00 4.341000000000000414e-01 2.067770570570570399e-01
0.000000000000000000e+00 6.358000000000000318e-01 1.775270570570570416e-01
0.000000000000000000e+00 8.490999999999999659e-01 1.405270570570570643e-01
0.000000000000000000e+00 1.025900000000000034e+00 1.122270570570570447e-01
0.000000000000000000e+00 1.244800000000000129e+00 7.977705705705705197e-02
0.000000000000000000e+00 1.440449999999999786e+00 6.122705705705705492e-02
0.000000000000000000e+00 1.634700000000000042e+00 4.697705705705705614e-02
0.000000000000000000e+00 1.840000000000000080e+00 3.377705705705705275e-02
0.000000000000000000e+00 2.037700000000000067e+00 1.942705705705705110e-02
0.000000000000000000e+00 2.244099999999999984e+00 1.187705705705704995e-02
0.000000000000000000e+00 2.425950000000000273e+00 6.677057057057053657e-03
0.000000000000000000e+00 2.639999999999999680e+00 5.977057057057054423e-03
0.000000000000000000e+00 2.841800000000000104e+00 4.027057057057054079e-03
