0.000000000000000000e+00 -1.677165000000000106e+01 1.332792792792789061e-03
0.000000000000000000e+00 -1.655870000000000175e+01 2.832792792792790393e-03
0.000000000000000000e+00 -1.635564999999999714e+01 3.032792792792789183e-03
0.000000000000000000e+00 -1.616529999999999845e+01 3.032792792792789183e-03
0.000000000000000000e+00 -1.595325000000000060e+01 6.632792792792788217e-03
0.000000000000000000e+00 -1.576474999999999937e+01 6.382792792792787995e-03
0.000000000000000000e+00 -1.555429999999999957e+01 8.632792792792789993e-03
0.000000000000000000e+00 -1.537069999999999936e+01 1.158279279279278429e-02
0.000000000000000000e+00 -1.515840000000000032e+01 1.453279279279279246e-02
0.000000000000000000e+00 -1.495739999999999981e+01 1.398279279279279058e-02
0.000000000000000000e+00 -1.476984999999999992e+01 1.588279279279278949e-02
0.000000000000000000e+00 -1.455589999999999939e+01 1.948279279279278853e-02
0.000000000000000000e+00 -1.436340000000000039e+01 2.168279279279278909e-02
0.000000000000000000e+00 -1.415664999999999907e+01 2.448279279279279297e-02
0.000000000000000000e+00 -1.396545000000000059e+01 3.043279279279278993e-02
0.000000000000000000e+00 -1.376919999999999966e+01 3.628279279279278402e-02
0.000000000000000000e+00 -1.355324999999999847e+01 4.498279279279279730e-02
0.000000000000000000e+00 -1.337389999999999901e+01 5.448279279279279186e-02
0.000000000000000000e+00 -1.315770000000000017e+01 7.333279279279278362e-02
0.000000000000000000e+00 -1.296140000000000114e+01 8.648279279279280640e-02
0.000000000000000000e+00 -1.276219999999999999e+01 1.087827927927927929e-01
0.000000000000000000e+00 -1.255949999999999989e+01 1.270827927927927758e-01
0.000000000000000000e+00 -1.236255000000000059e+01 1.507327927927927802e-01
0.000000000000000000e+00 -1.215445000000000064e+01 1.686327927927928072e-01
0.000000000000000000e+00 -1.197204999999999941e+01 1.923327927927928060e-01
0.000000000000000000e+00 -1.175809999999999889e+01 2.166327927927927388e-01
0.000000000000000000e+00 -1.155494999999999983e+01 2.544327927927927946e-01
0.000000000000000000e+00 -1.136664999999999992e+01 3.042827927927927445e-01
0.000000000000000000e+00 -1.115399999999999991e+01 3.489327927927927675e-01
0.000000000000000000e+00 -1.096600000000000108e+01 4.032327927927927824e-01
0.000000000000000000e+00 -1.075560000000000116e+01 4.973827927927927939e-01
0.000000000000000000e+00 -1.057420000000000115e+01 5.947827927927926694e-01
0.000000000000000000e+00 -1.036050000000000004e+01 6.590827927927926932e-01
0.000000000000000000e+00 -1.015409999999999968e+01 7.443327927927927412e-01
0.000000000000000000e+00 -9.972149999999999181e+00 8.309327927927927515e-01
0.000000000000000000e+00 -9.752349999999999852e+00 9.060327927927926961e-01
0.000000000000000000e+00 -9.562950000000000728e+00 9.588327927927928762e-01
0.000000000000000000e+00 -9.359099999999999753e+00 1.093782792792792558e+00
0.000000000000000000e+00 -9.166000000000000369e+00 1.208482792792792582e+00
0.000000000000000000e+00 -8.959899999999999309e+00 1.355332792792792729e+00
0.000000000000000000e+00 -8.753750000000000142e+00 1.476382792792792831e+00
0.000000000000000000e+00 -8.574799999999999756e+00 1.690332792792792693e+00
0.000000000000000000e+00 -8.357199999999998852e+00 1.865232792792792749e+00
0.000000000000000000e+00 -8.162100000000000577e+00 2.088832792792793214e+00
0.000000000000000000e+00 -7.961850000000000094e+00 2.179232792792793028e+00
0.000000000000000000e+00 -7.759249999999999758e+00 2.312132792792793268e+00
0.000000000000000000e+00 -7.561149999999999594e+00 2.369132792792792763e+00
0.000000000000000000e+00 -7.353950000000000209e+00 2.426832792792792848e+00
0.000000000000000000e+00 -7.168250000000000455e+00 2.501032792792792669e+00
0.000000000000000000e+00 -6.956599999999999895e+00 2.557232792792793141e+00
0.000000000000000000e+00 -6.755600000000000271e+00 2.548632792792792756e+00
0.000000000000000000e+00 -6.569950000000000401e+00 2.562832792792792969e+00
0.000000000000000000e+00 -6.357149999999999856e+00 2.499382792792792962e+00
0.000000000000000000e+00 -6.164699999999999847e+00 2.487482792792793163e+00
0.000000000000000000e+00 -5.957950000000000301e+00 2.411132792792793023e+00
0.000000000000000000e+00 -5.766799999999999926e+00 2.368832792792793018e+00
0.000000000000000000e+00 -5.560499999999999332e+00 2.327232792792792715e+00
0.000000000000000000e+00 -5.352999999999999758e+00 2.242282792792793078e+00
0.000000000000000000e+00 -5.170700000000000074e+00 2.243732792792792807e+00
0.000000000000000000e+00 -4.954100000000000392e+00 2.161732792792792957e+00
0.000000000000000000e+00 -4.763700000000000045e+00 2.135482792792792850e+00
0.000000000000000000e+00 -4.558199999999999363e+00 2.028332792792792993e+00
0.000000000000000000e+00 -4.361299999999999955e+00 1.966732792792792894e+00
0.000000000000000000e+00 -4.163299999999999557e+00 1.897282792792792661e+00
0.000000000000000000e+00 -3.954250000000000043e+00 1.835082792792792850e+00
0.000000000000000000e+00 -3.777600000000000069e+00 1.719132792792792630e+00
0.000000000000000000e+00 -3.554549999999999876e+00 1.694082792792792835e+00
0.000000000000000000e+00 -3.360050000000000203e+00 1.554032792792792828e+00
0.000000000000000000e+00 -3.160499999999999865e+00 1.470732792792792676e+00
0.000000000000000000e+00 -2.957749999999999879e+00 1.398582792792792739e+00
0.000000000000000000e+00 -2.761899999999999800e+00 1.331882792792792758e+00
0.000000000000000000e+00 -2.555250000000000021e+00 1.191532792792792561e+00
0.000000000000000000e+00 -2.372199999999999864e+00 1.157482792792792647e+00
0.000000000000000000e+00 -2.159950000000000259e+00 1.099282792792792618e+00
0.000000000000000000e+00 -1.957149999999999945e+00 1.034432792792792766e+00
0.000000000000000000e+00 -1.766699999999999937e+00 9.401827927927928208e-01
0.000000000000000000e+00 -1.556849999999999845e+00 8.636327927927927028e-01
0.000000000000000000e+00 -1.363599999999999923e+00 8.128827927927928521e-01
0.000000000000000000e+00 -1.157499999999999973e+00 7.416327927927928165e-01
0.000000000000000000e+00 -9.684500000000000330e-01 7.628827927927928076e-01
0.000000000000000000e+00 -7.593499999999999694e-01 6.598327927927927217e-01
0.000000000000000000e+00 -5.510500000000000398e-01 6.266327927927928254e-01
0.000000000000000000e+00 -3.748000000000000220e-01 5.750327927927927352e-01
0.000000000000000000e+00 -1.519000000000000072e-01 5.013327927927928584e-01
0.000000000000000000e+00 3.485000000000000597e-02 4.497327927927928237e-01
0.000000000000000000e+00 2.393500000000000072e-01 4.218327927927927878e-01
0.000000000000000000e+00 4.357499999999999707e-01 3.801327927927927730e-01
0.000000000000000000e+00 6.361499999999999932e-01 3.528327927927927821e-01
0.000000000000000000e+00 8.487999999999999989e-01 3.114327927927927897e-01
0.000000000000000000e+00 1.025500000000000078e+00 2.737827927927927729e-01
0.000000000000000000e+00 1.246499999999999941e+00 2.453827927927927921e-01
0.000000000000000000e+00 1.440449999999999786e+00 2.210327927927928093e-01
0.000000000000000000e+00 1.636050000000000004e+00 1.920327927927927836e-01
0.000000000000000000e+00 1.841599999999999904e+00 1.668327927927927834e-01
0.000000000000000000e+00 2.036399999999999988e+00 1.565827927927928021e-01
0.000000000000000000e+00 2.246300000000000185e+00 1.377327927927927964e-01
0.000000000000000000e+00 2.427049999999999930e+00 1.267827927927928089e-01
0.000000000000000000e+00 2.640150000000000219e+00 1.151827927927928097e-01
0.000000000000000000e+00 2.841700000000000337e+00 1.046327927927928059e-01
0.000000000000000000e+00 3.035050000000000026e+00 9.308279279279280116e-02
0.000000000000000000e+00 3.242399999999999949e+00 8.573279279279277798e-02
0.000000000000000000e+00 3.440649999999999764e+00 7.613279279279278056e-02
0.000000000000000000e+00 3.641750000000000043e+00 6.838279279279278755e-02
0.000000000000000000e+00 3.839000000000000412e+00 5.868279279279278726e-02
0.000000000000000000e+00 4.039649999999999963e+00 5.103279279279278324e-02
0.000000000000000000e+00 4.247899999999999565e+00 4.733279279279278828e-02
0.000000000000000000e+00 4.425499999999999545e+00 4.658279279279278762e-02
0.000000000000000000e+00 4.645599999999999952e+00 3.723279279279279042e-02
0.000000000000000000e+00 4.837550000000000239e+00 3.128279279279279346e-02
0.000000000000000000e+00 5.038350000000000328e+00 2.728279279279278990e-02
0.000000000000000000e+00 5.243900000000000006e+00 2.313279279279278899e-02
0.000000000000000000e+00 5.437549999999999883e+00 1.903279279279278258e-02
0.000000000000000000e+00 5.649650000000000283e+00 1.568279279279279070e-02
0.000000000000000000e+00 5.825250000000000483e+00 9.082792792792789005e-03
0.000000000000000000e+00 6.042400000000000659e+00 6.832792792792787007e-03
0.000000000000000000e+00 6.240400000000000169e+00 5.632792792792787329e-03
0.000000000000000000e+00 6.435349999999999682e+00 5.782792792792784686e-03
0.000000000000000000e+00 6.641799999999999926e+00 2.732792792792787528e-03
0.000000000000000000e+00 6.833450000000000024e+00 3.432792792792786762e-03
