0.000000000000000000e+00 -1.595435000000000159e+01 1.647387387387386215e-03
0.000000000000000000e+00 -1.576449999999999996e+01 4.847387387387387669e-03
0.000000000000000000e+00 -1.555450000000000088e+01 9.347387387387384727e-03
0.000000000000000000e+00 -1.537235000000000085e+01 1.699738738738738875e-02
0.000000000000000000e+00 -1.516005000000000003e+01 2.809738738738737363e-02
0.000000000000000000e+00 -1.495809999999999995e+01 4.484738738738738850e-02
0.000000000000000000e+00 -1.477125000000000021e+01 5.709738738738738550e-02
0.000000000000000000e+00 -1.455584999999999951e+01 7.439738738738738144e-02
0.000000000000000000e+00 -1.436479999999999890e+01 9.149738738738738553e-02
0.000000000000000000e+00 -1.415820000000000078e+01 1.072473873873873995e-01
0.000000000000000000e+00 -1.396604999999999919e+01 1.364473873873874032e-01
0.000000000000000000e+00 -1.376239999999999952e+01 1.601473873873873743e-01
0.000000000000000000e+00 -1.355410000000000004e+01 1.926973873873873977e-01
0.000000000000000000e+00 -1.337500000000000000e+01 2.090973873873873956e-01
0.000000000000000000e+00 -1.315915000000000035e+01 2.522973873873873840e-01
0.000000000000000000e+00 -1.296005000000000074e+01 3.213973873873874343e-01
0.000000000000000000e+00 -1.276295000000000002e+01 3.032973873873874293e-01
0.000000000000000000e+00 -1.255845000000000056e+01 3.308973873873873872e-01
0.000000000000000000e+00 -1.236319999999999908e+01 3.853973873873873801e-01
0.000000000000000000e+00 -1.215489999999999959e+01 4.404473873873874235e-01
0.000000000000000000e+00 -1.197104999999999997e+01 4.470473873873873627e-01
0.000000000000000000e+00 -1.175929999999999964e+01 5.006973873873873382e-01
0.000000000000000000e+00 -1.155509999999999948e+01 5.343973873873874014e-01
0.000000000000000000e+00 -1.136715000000000053e+01 5.607973873873873805e-01
0.000000000000000000e+00 -1.115384999999999849e+01 6.251973873873873933e-01
0.000000000000000000e+00 -1.096649999999999991e+01 6.754973873873874046e-01
0.000000000000000000e+00 -1.075619999999999976e+01 7.232973873873874693e-01
0.000000000000000000e+00 -1.057554999999999978e+01 7.538473873873873243e-01
0.000000000000000000e+00 -1.036100000000000065e+01 8.276473873873874121e-01
0.000000000000000000e+00 -1.015545000000000009e+01 9.069473873873873382e-01
0.000000000000000000e+00 -9.972350000000000492e+00 9.528973873873874956e-01
0.000000000000000000e+00 -9.753450000000000841e+00 1.055497387387387409e+00
0.000000000000000000e+00 -9.564799999999999969e+00 1.178847387387387258e+00
0.000000000000000000e+00 -9.359349999999999170e+00 1.239097387387387172e+00
0.000000000000000000e+00 -9.167650000000000077e+00 1.348697387387387314e+00
0.000000000000000000e+00 -8.962299999999999045e+00 1.523397387387387392e+00
0.000000000000000000e+00 -8.754750000000001364e+00 1.527747387387387246e+00
0.000000000000000000e+00 -8.572499999999999787e+00 1.585997387387387381e+00
0.000000000000000000e+00 -8.358000000000000540e+00 1.699247387387387231e+00
0.000000000000000000e+00 -8.161699999999999733e+00 1.736847387387387309e+00
0.000000000000000000e+00 -7.961299999999999599e+00 1.823197387387387236e+00
0.000000000000000000e+00 -7.760250000000000092e+00 1.874547387387387243e+00
0.000000000000000000e+00 -7.562249999999999694e+00 1.953747387387387402e+00
0.000000000000000000e+00 -7.354599999999999582e+00 2.001897387387387539e+00
0.000000000000000000e+00 -7.168849999999999945e+00 2.024497387387387271e+00
0.000000000000000000e+00 -6.958800000000000097e+00 2.106197387387387376e+00
0.000000000000000000e+00 -6.756899999999999906e+00 2.127597387387387240e+00
0.000000000000000000e+00 -6.570249999999999702e+00 2.219297387387387133e+00
0.000000000000000000e+00 -6.358100000000000307e+00 2.227197387387387373e+00
0.000000000000000000e+00 -6.167349999999999888e+00 2.246847387387387318e+00
0.000000000000000000e+00 -5.957600000000000229e+00 2.274947387387387110e+00
0.000000000000000000e+00 -5.767100000000000115e+00 2.266497387387387263e+00
0.000000000000000000e+00 -5.562450000000000117e+00 2.254497387387387253e+00
0.000000000000000000e+00 -5.353650000000000020e+00 2.244447387387387138e+00
0.000000000000000000e+00 -5.172000000000000597e+00 2.226847387387387300e+00
0.000000000000000000e+00 -4.954550000000000232e+00 2.216897387387387397e+00
0.000000000000000000e+00 -4.762249999999999872e+00 2.159397387387387290e+00
0.000000000000000000e+00 -4.559400000000000119e+00 2.153747387387387136e+00
0.000000000000000000e+00 -4.365949999999999775e+00 2.142047387387387314e+00
0.000000000000000000e+00 -4.165549999999999642e+00 2.065047387387387356e+00
0.000000000000000000e+00 -3.954900000000000304e+00 2.037847387387387244e+00
0.000000000000000000e+00 -3.776349999999999874e+00 1.980797387387386976e+00
0.000000000000000000e+00 -3.555899999999999839e+00 1.905197387387387309e+00
0.000000000000000000e+00 -3.360549999999999926e+00 1.803147387387387335e+00
0.000000000000000000e+00 -3.160800000000000054e+00 1.751197387387387394e+00
0.000000000000000000e+00 -2.959699999999999775e+00 1.662247387387387310e+00
0.000000000000000000e+00 -2.764000000000000234e+00 1.543897387387387354e+00
0.000000000000000000e+00 -2.556250000000000355e+00 1.447947387387387153e+00
0.000000000000000000e+00 -2.374900000000000233e+00 1.346597387387387323e+00
0.000000000000000000e+00 -2.159150000000000347e+00 1.223297387387387136e+00
0.000000000000000000e+00 -1.956749999999999989e+00 1.156647387387387482e+00
0.000000000000000000e+00 -1.768000000000000016e+00 1.056697387387387277e+00
0.000000000000000000e+00 -1.558499999999999996e+00 9.585473873873874284e-01
0.000000000000000000e+00 -1.363449999999999829e+00 8.228473873873873856e-01
0.000000000000000000e+00 -1.158150000000000013e+00 7.562473873873873931e-01
0.000000000000000000e+00 -9.690999999999999615e-01 7.038973873873873854e-01
0.000000000000000000e+00 -7.603500000000000814e-01 6.237473873873874419e-01
0.000000000000000000e+00 -5.529999999999999361e-01 5.838473873873873954e-01
0.000000000000000000e+00 -3.736500000000000377e-01 5.134473873873873773e-01
0.000000000000000000e+00 -1.534999999999999976e-01 4.713973873873874565e-01
0.000000000000000000e+00 3.345000000000000057e-02 4.303473873873874256e-01
0.000000000000000000e+00 2.370499999999999829e-01 3.911973873873874075e-01
0.000000000000000000e+00 4.348500000000000143e-01 3.478473873873874078e-01
0.000000000000000000e+00 6.360500000000000043e-01 3.057973873873873760e-01
0.000000000000000000e+00 8.483000000000000540e-01 2.732973873873874027e-01
0.000000000000000000e+00 1.025549999999999962e+00 2.363973873873873865e-01
0.000000000000000000e+00 1.246900000000000119e+00 1.999473873873874041e-01
0.000000000000000000e+00 1.439300000000000024e+00 1.705473873873873669e-01
0.000000000000000000e+00 1.635099999999999998e+00 1.551473873873873977e-01
0.000000000000000000e+00 1.840899999999999981e+00 1.303973873873874034e-01
0.000000000000000000e+00 2.035849999999999937e+00 1.041473873873874079e-01
0.000000000000000000e+00 2.243999999999999773e+00 8.354738738738737291e-02
0.000000000000000000e+00 2.427150000000000141e+00 6.879738738738738757e-02
0.000000000000000000e+00 2.639899999999999913e+00 5.189738738738738921e-02
0.000000000000000000e+00 2.842200000000000060e+00 3.074738738738738708e-02
0.000000000000000000e+00 3.034550000000000303e+00 2.034738738738738756e-02
0.000000000000000000e+00 3.242399999999999949e+00 1.064738738738738033e-02
0.000000000000000000e+00 3.438499999999999890e+00 4.297387387387385793e-03
