0.000000000000000000e+00 -1.775979999999999848e+01 1.750900900900909107e-03
0.000000000000000000e+00 -1.756289999999999907e+01 4.350900900900907253e-03
0.000000000000000000e+00 -1.735900000000000176e+01 5.550900900900906931e-03
0.000000000000000000e+00 -1.716740000000000066e+01 5.000900900900905055e-03
0.000000000000000000e+00 -1.695405000000000229e+01 9.150900900900905965e-03
0.000000000000000000e+00 -1.677270000000000039e+01 9.150900900900905965e-03
0.000000000000000000e+00 -1.655845000000000056e+01 1.085090090090090609e-02
0.000000000000000000e+00 -1.635640000000000072e+01 1.105090090090091182e-02
0.000000000000000000e+00 -1.616430000000000078e+01 1.155090090090090532e-02
0.000000000000000000e+00 -1.595550000000000068e+01 1.095090090090090895e-02
0.000000000000000000e+00 -1.576440000000000019e+01 1.250090090090090478e-02
0.000000000000000000e+00 -1.555460000000000065e+01 1.240090090090090885e-02
0.000000000000000000e+00 -1.537300000000000111e+01 1.930090090090090527e-02
0.000000000000000000e+00 -1.515905000000000058e+01 2.090090090090090946e-02
0.000000000000000000e+00 -1.495770000000000088e+01 2.510090090090090487e-02
0.000000000000000000e+00 -1.477094999999999914e+01 2.745090090090090973e-02
0.000000000000000000e+00 -1.455549999999999855e+01 3.765090090090091046e-02
0.000000000000000000e+00 -1.436575000000000024e+01 4.205090090090089772e-02
0.000000000000000000e+00 -1.415690000000000026e+01 5.150090090090091166e-02
0.000000000000000000e+00 -1.396560000000000024e+01 5.720090090090090840e-02
0.000000000000000000e+00 -1.376324999999999932e+01 6.885090090090091597e-02
0.000000000000000000e+00 -1.355294999999999916e+01 7.975090090090090900e-02
0.000000000000000000e+00 -1.337320000000000064e+01 9.535090090090088399e-02
0.000000000000000000e+00 -1.315920000000000023e+01 1.071509009009009167e-01
0.000000000000000000e+00 -1.296039999999999992e+01 1.223009009009009135e-01
0.000000000000000000e+00 -1.276279999999999859e+01 1.353009009009009112e-01
0.000000000000000000e+00 -1.255914999999999893e+01 1.513509009009009199e-01
0.000000000000000000e+00 -1.236294999999999966e+01 1.732009009009009004e-01
0.000000000000000000e+00 -1.215514999999999901e+01 1.951509009009008699e-01
0.000000000000000000e+00 -1.197010000000000041e+01 2.207509009009009371e-01
0.000000000000000000e+00 -1.175874999999999915e+01 2.453009009009008978e-01
0.000000000000000000e+00 -1.155579999999999963e+01 2.830509009009009036e-01
0.000000000000000000e+00 -1.136805000000000021e+01 3.298509009009009119e-01
0.000000000000000000e+00 -1.115404999999999980e+01 3.684009009009008850e-01
0.000000000000000000e+00 -1.096700000000000053e+01 4.414509009009008889e-01
0.000000000000000000e+00 -1.075714999999999932e+01 5.109009009009009006e-01
0.000000000000000000e+00 -1.057394999999999996e+01 5.718509009009009603e-01
0.000000000000000000e+00 -1.036110000000000042e+01 6.507509009009009304e-01
0.000000000000000000e+00 -1.015565000000000140e+01 7.440509009009009800e-01
0.000000000000000000e+00 -9.972449999999998482e+00 8.321009009009009416e-01
0.000000000000000000e+00 -9.753900000000001569e+00 9.379009009009009468e-01
0.000000000000000000e+00 -9.564499999999998892e+00 1.036750900900901051e+00
0.000000000000000000e+00 -9.360399999999998499e+00 1.152350900900900976e+00
0.000000000000000000e+00 -9.168649999999999523e+00 1.278850900900900811e+00
0.000000000000000000e+00 -8.961349999999999483e+00 1.441300900900901016e+00
0.000000000000000000e+00 -8.753700000000000259e+00 1.636300900900900857e+00
0.000000000000000000e+00 -8.573899999999998300e+00 1.806850900900900836e+00
0.000000000000000000e+00 -8.358850000000000335e+00 1.959050900900900949e+00
0.000000000000000000e+00 -8.162200000000000344e+00 2.173750900900900618e+00
0.000000000000000000e+00 -7.962799999999999656e+00 2.295350900900900992e+00
0.000000000000000000e+00 -7.760600000000000165e+00 2.441550900900900878e+00
0.000000000000000000e+00 -7.562249999999999694e+00 2.482500900900900920e+00
0.000000000000000000e+00 -7.353650000000000020e+00 2.556950900900901047e+00
0.000000000000000000e+00 -7.168549999999999756e+00 2.556800900900900952e+00
0.000000000000000000e+00 -6.958700000000000330e+00 2.637150900900900652e+00
0.000000000000000000e+00 -6.755750000000000810e+00 2.601050900900900853e+00
0.000000000000000000e+00 -6.570999999999999730e+00 2.559900900900901277e+00
0.000000000000000000e+00 -6.358399999999999608e+00 2.499700900900901246e+00
0.000000000000000000e+00 -6.164849999999999497e+00 2.472900900900900645e+00
0.000000000000000000e+00 -5.956599999999999895e+00 2.373450900900901051e+00
0.000000000000000000e+00 -5.767800000000000260e+00 2.354200900900901061e+00
0.000000000000000000e+00 -5.560700000000000642e+00 2.264000900900900781e+00
0.000000000000000000e+00 -5.353849999999999554e+00 2.201450900900900898e+00
0.000000000000000000e+00 -5.170550000000000423e+00 2.175300900900900558e+00
0.000000000000000000e+00 -4.955000000000000071e+00 2.117100900900901195e+00
0.000000000000000000e+00 -4.762850000000000250e+00 2.026300900900900537e+00
0.000000000000000000e+00 -4.558250000000000135e+00 1.977100900900900626e+00
0.000000000000000000e+00 -4.364800000000000679e+00 1.874100900900900868e+00
0.000000000000000000e+00 -4.164049999999999585e+00 1.837450900900901019e+00
0.000000000000000000e+00 -3.955199999999999605e+00 1.765100900900900882e+00
0.000000000000000000e+00 -3.777449999999999974e+00 1.688600900900901092e+00
0.000000000000000000e+00 -3.555899999999999839e+00 1.619500900900900930e+00
0.000000000000000000e+00 -3.360249999999999737e+00 1.509600900900900822e+00
0.000000000000000000e+00 -3.160350000000000215e+00 1.420150900900901014e+00
0.000000000000000000e+00 -2.958899999999999864e+00 1.295300900900901109e+00
0.000000000000000000e+00 -2.764149999999999885e+00 1.222600900900900900e+00
0.000000000000000000e+00 -2.556049999999999933e+00 1.179600900900900751e+00
0.000000000000000000e+00 -2.374449999999999950e+00 1.159200900900900777e+00
0.000000000000000000e+00 -2.161150000000000126e+00 1.005150900900900979e+00
0.000000000000000000e+00 -1.957300000000000040e+00 9.505509009009009969e-01
0.000000000000000000e+00 -1.767800000000000038e+00 8.700009009009008754e-01
0.000000000000000000e+00 -1.556899999999999951e+00 8.446009009009010082e-01
0.000000000000000000e+00 -1.364100000000000090e+00 7.386509009009010196e-01
0.000000000000000000e+00 -1.158099999999999907e+00 6.869509009009009404e-01
0.000000000000000000e+00 -9.665000000000000258e-01 6.329509009009008924e-01
0.000000000000000000e+00 -7.600000000000000089e-01 5.921509009009009450e-01
0.000000000000000000e+00 -5.522499999999999076e-01 5.196009009009010526e-01
0.000000000000000000e+00 -3.717500000000000249e-01 5.100009009009009997e-01
0.000000000000000000e+00 -1.537999999999999923e-01 4.989009009009008344e-01
0.000000000000000000e+00 3.459999999999999881e-02 4.501509009009008744e-01
0.000000000000000000e+00 2.379000000000000004e-01 3.977509009009008722e-01
0.000000000000000000e+00 4.350500000000000478e-01 3.431009009009008959e-01
0.000000000000000000e+00 6.360000000000000098e-01 3.163509009009008444e-01
0.000000000000000000e+00 8.487500000000000044e-01 2.798009009009008730e-01
0.000000000000000000e+00 1.027400000000000091e+00 2.615009009009008900e-01
0.000000000000000000e+00 1.246049999999999880e+00 2.592009009009009213e-01
0.000000000000000000e+00 1.439300000000000024e+00 2.402009009009009044e-01
0.000000000000000000e+00 1.635599999999999943e+00 2.211509009009008930e-01
0.000000000000000000e+00 1.840549999999999908e+00 2.036009009009008830e-01
0.000000000000000000e+00 2.035950000000000149e+00 1.800509009009009231e-01
0.000000000000000000e+00 2.244699999999999918e+00 1.687509009009008909e-01
0.000000000000000000e+00 2.425900000000000389e+00 1.576509009009008921e-01
0.000000000000000000e+00 2.638899999999999579e+00 1.508009009009009249e-01
0.000000000000000000e+00 2.843750000000000000e+00 1.392009009009009257e-01
0.000000000000000000e+00 3.035099999999999909e+00 1.260009009009008807e-01
0.000000000000000000e+00 3.242650000000000254e+00 1.173009009009009090e-01
0.000000000000000000e+00 3.437699999999999978e+00 1.088509009009008960e-01
0.000000000000000000e+00 3.642400000000000304e+00 9.485090090090091131e-02
0.000000000000000000e+00 3.836649999999999672e+00 8.690090090090089869e-02
0.000000000000000000e+00 4.037100000000000577e+00 7.740090090090090413e-02
0.000000000000000000e+00 4.248350000000000293e+00 7.470090090090091006e-02
0.000000000000000000e+00 4.425050000000000594e+00 6.440090090090090647e-02
0.000000000000000000e+00 4.644350000000000200e+00 5.905090090090091282e-02
0.000000000000000000e+00 4.835150000000000503e+00 4.815090090090090591e-02
0.000000000000000000e+00 5.036749999999999616e+00 4.250090090090090367e-02
0.000000000000000000e+00 5.243249999999999744e+00 3.880090090090090871e-02
0.000000000000000000e+00 5.436700000000000088e+00 3.100090090090090733e-02
0.000000000000000000e+00 5.648949999999999250e+00 2.820090090090089652e-02
0.000000000000000000e+00 5.825149999999999828e+00 2.360090090090090353e-02
0.000000000000000000e+00 6.042650000000000077e+00 1.825090090090090988e-02
0.000000000000000000e+00 6.240700000000000358e+00 1.475090090090090678e-02
0.000000000000000000e+00 6.435599999999999987e+00 1.000090090090090950e-02
0.000000000000000000e+00 6.640649999999999942e+00 8.850900900900904311e-03
0.000000000000000000e+00 6.833600000000000563e+00 7.950900900900906287e-03
0.000000000000000000e+00 7.044700000000000628e+00 5.300900900900906709e-03
0.000000000000000000e+00 7.223200000000000287e+00 6.700900900900905177e-03
