1.46236674557	0.166755912682	5.99690264091	0.00435581798347	1.26886583142	0.144591662234	6.91603423753	0.000941525871796
0.555922819329	0.230747754711	7.01620525565	0.786748758711	0.699895075587	0.141392878514	7.60676841733	0.274850655293
0.426449079394	0.240494940807	7.06475691094	0.836085100402	0.529337940151	0.13305284681	7.9383336661	0.237103127774
0.343576509894	0.244291914708	7.06717301579	0.852322255724	0.424985059667	0.129788939278	7.98242207758	0.189815948542
0.294660826805	0.243922961203	6.95772932348	0.834955052583	0.367661412496	0.128624350213	7.92432226719	0.138783293296
0.267884730387	0.242970278824	6.83474692228	0.812797862569	0.336816407681	0.129409868892	7.8005856915	0.0973281645572
0.252723786848	0.241318127658	6.74124641443	0.791697519771	0.318263688837	0.131645992392	7.61726426067	0.0527476341273
0.242486151027	0.241207762722	6.66126351045	0.778940606373	0.309979121063	0.133833570678	7.47404077943	0.0166602792049
0.237270734262	0.239071320558	6.58356055747	0.757588619534	0.303118577599	0.136485371565	7.32832560165	-0.0144652235001
0.235406349922	0.239443909582	6.52257930272	0.749527777204	0.300141913108	0.139568804926	7.17786245962	-0.0424933572761
0.234492217048	0.239956928908	6.43087404319	0.736975430795	0.297415967926	0.141912715459	7.07490542221	-0.0633958995919
0.232282900538	0.239958083379	6.39208841175	0.730638956033	0.290748991367	0.144694852968	6.96665231248	-0.0896589763041
0.231590648827	0.239288839183	6.34464255469	0.719862592401	0.288679140369	0.147771567223	6.84416684693	-0.106645493611
0.230425879103	0.240140102766	6.32419762865	0.720203768705	0.28557823923	0.150468814208	6.74947554802	-0.124842229381
0.229837104294	0.240234605608	6.27764743934	0.71281705699	0.283044487083	0.151908532903	6.71306503137	-0.140612446812
0.229533842022	0.239837403676	6.2656390949	0.709037807801	0.282551646117	0.154027886264	6.65079011561	-0.156227857609
0.2294863112	0.239767304879	6.2684862292	0.709209453437	0.280635117022	0.155621235429	6.5934509688	-0.161496085109
0.228698570137	0.240280362715	6.20021287268	0.6998495538	0.280633907187	0.157526410976	6.54093032856	-0.174267837252
0.230308625423	0.241725875658	6.18117544534	0.702958069249	0.278044537056	0.158777540162	6.50324447121	-0.180469277747
0.230173274009	0.243581026509	6.13274638173	0.702723743003	0.277099997492	0.159677296986	6.49449211411	-0.192413476867
0.229441892343	0.244980584866	6.11004600914	0.704870658259	0.274999434346	0.160517533781	6.49387151193	-0.205864615188
0.229262347761	0.244172462866	6.11182023855	0.701668155355	0.274651612882	0.160896626967	6.51039862806	-0.217947653043
0.229357287132	0.244432401494	6.13326479943	0.706518679102	0.275648179646	0.162399277279	6.47231643077	-0.226052008783
0.228601733693	0.246609593292	6.08717256307	0.707923124412	0.272847877909	0.162983414226	6.44922429153	-0.226089792206
0.227952698692	0.247097292588	6.01488577949	0.697324882201	0.27137821593	0.163273555595	6.44489800101	-0.228651289238
0.226771187473	0.246493620068	5.9910723925	0.690478907802	0.271895408871	0.163964308769	6.44291234646	-0.237502988074
0.227087759505	0.248874243325	5.94928878417	0.693271046909	0.271082981999	0.163608470257	6.45916563022	-0.238273388982
0.226375711549	0.251454733948	5.92856579656	0.700546882845	0.270970071429	0.164774230004	6.44061724535	-0.247482822341
0.226757102356	0.2521120022	5.8749192402	0.693640867028	0.270029272341	0.164750137708	6.45735730315	-0.252686574478
0.22749843611	0.253203180045	5.85919128069	0.695389002474	0.269355703	0.164254940793	6.48838229024	-0.256415383556
0.227444016381	0.254468814593	5.8420454944	0.697580383726	0.266837167113	0.165774840208	6.43672429643	-0.258934242046
0.226874106695	0.256024038192	5.81652754947	0.699407514595	0.26881767135	0.165302076858	6.44954827324	-0.257145337046
0.227967852161	0.256170562208	5.80165540889	0.697289988334	0.269715547057	0.165183960865	6.46502961668	-0.260613121682
0.227633196315	0.255485253476	5.79908672789	0.693960476256	0.27007989878	0.165637946774	6.44771976244	-0.260743289121
0.226239704035	0.255732409079	5.7921578219	0.693716421572	0.268173533615	0.165633573633	6.42701674199	-0.254027067017
0.225936299346	0.256873357087	5.7679251154	0.693993002716	0.269610026782	0.165857558206	6.4332379246	-0.258845771707
0.22607808208	0.257132554453	5.72462043247	0.68701257272	0.269316432552	0.165934631417	6.42318966736	-0.256572816121
0.224973207526	0.256982741149	5.7543228568	0.691926051826	0.270699802897	0.165849785527	6.44366511039	-0.262069602526
0.225824638759	0.25666232797	5.74072516134	0.688060959615	0.267063645305	0.166731420038	6.44071656238	-0.271790026509
0.227104527692	0.257910212476	5.76915811507	0.698516138158	0.267229365689	0.16680229096	6.43126826901	-0.269722600177
0.226130359474	0.257264643102	5.76917004166	0.695847304918	0.269179757528	0.165937782156	6.44342971272	-0.263074962716
0.226406248154	0.256287265449	5.74020375658	0.686397205626	0.268481779731	0.165694324227	6.43120133361	-0.256151437511
0.22648573047	0.255404038046	5.76031370173	0.686445467488	0.269548456495	0.165656843022	6.43798584374	-0.25786897893
0.226100969486	0.255968739573	5.76761967268	0.690166891378	0.270143063071	0.164890036363	6.44865220444	-0.251631668287
0.227557264098	0.255770813016	5.76652862262	0.689136934206	0.26952204051	0.165369884679	6.43954980216	-0.254769715954
0.227216855424	0.256135687537	5.78329102344	0.693763088176	0.269227973187	0.165927210921	6.41754191025	-0.254646480708
0.226750827207	0.257403351719	5.76298290525	0.695277725597	0.270725887788	0.16504746215	6.47978967141	-0.26357701063
0.226531659212	0.257108635529	5.70946266674	0.684070285752	0.269503334562	0.164856569396	6.4823586467	-0.262029403103
0.226416828643	0.257913606407	5.67916309008	0.681713601107	0.269819093516	0.164810443219	6.45907709612	-0.254014485796
1.46900403019	0.164238932835	6.08876594385	-0.00352432985139	1.27759047364	0.145720405343	6.86268745806	-0.00579638948771
0.551946654857	0.229306809755	7.06158598372	0.786936943939	0.700033340189	0.141682150059	7.57360584408	0.27026794055
0.419440400435	0.23942930199	7.13059593609	0.840995605071	0.529337389292	0.133259228326	7.92705213975	0.237387554528
0.338753045609	0.244854620632	7.1064476261	0.860259575669	0.428255592877	0.130795021101	7.92478446363	0.191108218405
1.033236658563176	0.1880445924916249	5.317889285220939	-0.0005688189078426944	1.4155067375179806	0.11545456242782703	8.661422808291102	-0.0008833649584801559
0.5086325268046842	0.23813056506538202	5.94679514388504	0.6450687466785336	0.6112840944695773	0.15418837194336402	9.92373220221322	-0.7280962243146101
0.402726037611549	0.2391819936520822	5.960381747893005	0.6523925117508106	0.5118754639720194	0.16400525070251415	10.263187091286097	-0.8265691573686882
0.3380240858260059	0.24094214470377617	5.923969146165241	0.6537077567507141	0.4660892241445431	0.16756730983059726	10.204881595903725	-0.8426176809000385
0.29987146483276084	0.24201204710313565	5.899206630975004	0.6539717677749192	0.4411706271366232	0.17016405597417844	9.978589258875784	-0.8354622799328972
0.27859741440951424	0.2438223586587481	5.858574382433955	0.6545620095168717	0.4245798333203109	0.17104677319052491	9.735957894621862	-0.8156618060163698
0.26682751553736145	0.24472172586412988	5.820827184922354	0.651523502761829	0.41233658188888295	0.17014396494818793	9.502771160044178	-0.7853910893085098
0.25928990809056224	0.2451028056921161	5.768568335561872	0.6433446074017523	0.40222896376341977	0.17002153770928885	9.301564911668965	-0.7625394215283058
0.255959128324346	0.24746697400896128	5.64509450206165	0.6300590880384319	0.39513804405617386	0.17006098326382343	9.114729971861816	-0.7416602599567151
0.25395982431527925	0.2485016460484817	5.549120036357316	0.6156017082135198	0.39044091840552547	0.17062838218745405	8.876507131883583	-0.7173451410504526
0.25229062354419074	0.24959826943733962	5.50660521233579	0.611914317101379	0.38582628861105245	0.17189055689040347	8.645159002989159	-0.6971522039195543
0.25172118941244	0.2514057366502525	5.435068609956543	0.6053159733814968	0.3823615384751187	0.17155565734332628	8.498941088715526	-0.6767875776023057
0.2503766163639928	0.2525881789658273	5.380842679021039	0.5992806133987048	0.3776852859476111	0.17239479214136483	8.381538059968415	-0.667033366236797
0.25092717129052994	0.2520453376394188	5.360370457127026	0.5925001111720967	0.37482972732271563	0.17245722668009159	8.21934644242783	-0.646131327660237
0.2514191948538637	0.25421521236611055	5.292625066791664	0.5877633923005439	0.37210787850048666	0.1719257079890268	8.145651492581225	-0.632808738793879
0.25011586476109143	0.255334034129682	5.268420174552693	0.5875431700383745	0.36865977426367613	0.1727042620358943	8.062493680699362	-0.6264399582515826
0.25002985582163234	0.2552208503510448	5.2381977655612015	0.5804285382658857	0.3642971548005005	0.17280574484775055	7.920614421457083	-0.6072295074777954
0.24879643897049453	0.25471517792641124	5.200590266940554	0.5697975738506839	0.36307129776883246	0.17422685558657247	7.789565484126948	-0.5976215363297536
0.24936960250943352	0.2564705916364386	5.176759733742043	0.5724391947381957	0.3586842772365454	0.17448922517439638	7.704790502956815	-0.5868585221260594
0.24852825405476447	0.257102611279528	5.165682180346877	0.572809198256547	0.3557249515522896	0.17424730417270543	7.608716101072455	-0.5707874112376106
0.2478049168487192	0.25681898737292175	5.125626817603867	0.5624573663385665	0.3522186272872197	0.17480680850756317	7.5040252223378285	-0.5583499799204193
0.24695956390548882	0.25553518088961885	5.141702937693233	0.5602552902598286	0.34850677255814067	0.17408928904092266	7.4929914458442415	-0.5517694750498066
0.2457800053660698	0.25581875892158085	5.140232068693411	0.5612199108923867	0.3464778459466899	0.17440899045069552	7.431994923131303	-0.5442487772866607
0.2459704935511072	0.2554946243191778	5.1438008046260535	0.5605474593204557	0.34528186346432393	0.17467938524583307	7.365547962006538	-0.5353591224608025
0.24609786492636143	0.25678880697235745	5.126548015150967	0.5625301313681995	0.3443310913021497	0.17520992546231628	7.315666442812787	-0.5308270642614192
0.24731486945103556	0.2565133673147681	5.149655417696234	0.5665293034821762	0.3434564446988265	0.17606827493794983	7.2757444839867595	-0.5301205336382027
0.24615040402428573	0.2561841282826746	5.1222217936450924	0.5587771694293585	0.34244643751346104	0.176242710394444	7.2670408709555945	-0.5298707197462557
0.24612309392291432	0.25778971620921154	5.132229454470056	0.5683625379882038	0.3398168164881932	0.1765568723195525	7.201018366737876	-0.5209503626516558
0.24597206701555618	0.25845527769871113	5.097869580688585	0.563534646804152	0.33945171965419346	0.17738722771159363	7.122451974657117	-0.5132562812995004
0.245714244141534	0.258646984183389	5.093525869372422	0.563404920970035	0.3391082323006724	0.17704295786073224	7.120796421927542	-0.5105750296108992
0.24609475251354296	0.2602075687858987	5.054252032550405	0.561386349514421	0.3363858315878246	0.17769667768203412	7.0696280895795764	-0.5062108493166427
0.24532587328600788	0.2604067394027476	5.051447896679618	0.5616325097759272	0.33431563873511444	0.17760078228503057	7.036454930610038	-0.49967979766016485
0.24634139783049563	0.2598036301347651	5.045629692005816	0.5575597818161458	0.3325415474249781	0.17763768566743685	7.019300359749498	-0.496882552431163
0.24539238958058585	0.2612175645932672	5.013770647894785	0.5564934483642044	0.33056954107324743	0.17791717154823533	6.97160932310803	-0.49027442509954405
0.24534425567094106	0.26129022957127895	4.996262224369072	0.5526974792811199	0.3305512478394112	0.17751898069084585	6.941295067966702	-0.4818834144685253
0.24506720228503748	0.26131529832034994	4.985086345551295	0.5501629990652223	0.3296546523626311	0.17773666099650226	6.940020550141314	-0.48321432080312565
0.24619532595437357	0.2608180698152771	4.979909877541363	0.5466721888978545	0.3295654205780804	0.1778277047109946	6.906403736270638	-0.47765042052576984
0.24494262314185103	0.2616103284414096	4.964596169613658	0.5466165333317251	0.3285411085660794	0.17809180420519538	6.88921791653835	-0.4763541207117577
0.24446611899134546	0.2606044548904135	4.958253821228671	0.5405025756549245	0.3260264565617632	0.17833127255680212	6.842390989656716	-0.4692678259977758
0.24522632155337235	0.26012289465693084	4.981756124006274	0.5439382533444438	0.32577624832370455	0.17884342739441483	6.82866092367277	-0.4703840176961254
0.24541094297677168	0.2631826529360437	4.952891373452303	0.5509220374692068	0.3263552029171007	0.17850769309650957	6.8247175601297325	-0.46718795756525877
0.2448875372986398	0.26213970244593787	4.948809201439986	0.5452333184309238	0.3248856649896067	0.17897790656346682	6.757337734385526	-0.45761792102434234
0.24543379410739766	0.26154617738040714	4.990170590891824	0.5524129275495681	0.32357397787048814	0.17906726983113788	6.738457661805077	-0.4545736644067145
0.24662880788936722	0.2616879818271004	4.9867521843851925	0.5522437097909267	0.32052809994673764	0.17920653063387473	6.746794309662847	-0.4572412942146046
0.24638561671735582	0.26201117433966775	4.990637349464997	0.5546194665144116	0.3206395770501561	0.17981721006700566	6.70774044270763	-0.45405635361847707
0.24448132233384842	0.26101260033986845	4.9959523924255835	0.5513678673274209	0.3210177968175573	0.18048393532897855	6.64193730616831	-0.4458284235281678
0.2461231631916722	0.260431515068707	4.980713399819094	0.5451006667010206	0.32172941191145804	0.18072407374189306	6.6446650081782375	-0.44816395317805313
0.24556017925755552	0.2604713768040947	4.989178663111686	0.54730086378729	0.32028675902662485	0.1804278339262369	6.652212687081852	-0.44748667683721105
0.24587173847135446	0.26130461252502646	4.992941471511045	0.5519770254035299	0.3192307325049142	0.17987296326754446	6.677258724038382	-0.4483952644674638
0.0515347768667885	0.1209327185549439	8.269074788475924	0.0013015777123370211	3.4490752526523787	0.33182557224966086	3.013647950604918	0.00233575865504849
0.05098446865513339	0.12595868823189385	7.939140764372977	0.001938135386239299	3.2544433482984476	0.3305501285891965	3.025270211359157	0.0018594036235246064
0.047204569191365356	0.142605487669786	7.122116316820139	0.1251114327352863	0.037999623813077255	18.857998930559752	173.20632409312674	57.143019473198734
0.02996059857337416	0.2548575954425781	3.94749515245459	0.07777610542968776	0.01742487005023126	8.73418836053583	82.66324643888295	26.851375474835482
0.02823338178335357	0.3068122705927985	3.532286194102884	0.28939375873764184	0.006224255627923516	3.7049060103137164	37.940046571652864	11.813733811750586
0.024100658340433803	0.36589780820878093	4.273789441538558	0.7508463154366465	0.005701709290160886	3.522283128829331	35.52747138190599	11.141714996285552
0.021159140470269913	0.3810661244742587	5.9677267684225965	1.1287597226886201	0.007177068272407612	5.309287284434759	51.98682750563883	16.583515979242502
0.018973188911787172	0.3738951407104911	7.448850667175954	1.3360722541596277	0.007868585058553177	6.905581394653764	67.11886284132814	21.505691583099427
0.01809934162062101	0.3519175113497361	7.72217703598122	1.310560690965738	0.00650133064153442	6.1881417508991	60.693442878642095	19.35405972614363
0.015490422802942978	0.3896829953083837	8.780337080307437	1.556132402230437	0.008491215786387101	9.07692541729791	88.27236078976051	28.288542473896893
0.015245681952532342	0.3993372303678824	8.427349260408423	1.5379708426996663	0.006937759534135139	6.636690936605548	65.42883440304777	20.8142007359248
0.01377261350737293	0.4409855581264473	8.941026766932474	1.7154776824660884	0.006475469458808495	7.087736359783761	69.61583714024763	22.190509235159926
0.013583629058795338	0.46946567099308284	8.77548211193082	1.7662920477558057	0.006554382665945053	7.931089388872676	77.59920378115014	24.788025772409718
0.014044038287697505	0.4710888968667012	8.31338820010634	1.7077309145215902	0.005664875978769851	7.156571187079015	70.44224507789875	22.43044675162866
0.014658692201747123	0.4639412102206942	7.7751363419296	1.614684540120986	0.007865256133171634	10.05836953519842	98.22268355025837	31.415920293496953
0.016070555189547156	0.4501157331263207	6.955035894154229	1.4596475877475037	0.006236044448783387	7.743290956068601	76.40463210620356	24.30274257753052
0.016302856639669943	0.45367654892834114	6.831655382508299	1.448917470874063	0.007378285073860682	9.852939613711502	96.6953541575807	30.85017804553306
0.017548335104438692	0.4376857688815741	6.162918808211423	1.302851433251977	0.007776373767940913	10.066587445739543	99.08977011636537	31.567322278815812
0.01851485826431502	0.41916845763596455	5.585124731189175	1.1580622259952387	0.009501497580763508	11.32411072472428	111.71375265635429	35.55360606963824
0.020419844231058405	0.40044290912554814	4.839148672859321	0.9684021748482508	0.01752573144021344	12.054441632705963	119.37884056495406	37.921567290532046
0.02146682187891109	0.40402826397894653	4.279836324880674	0.8539173498972681	0.023062432013417216	14.460131895580057	143.75208720622854	45.58151095857828
0.022702909113792403	0.41325205203532306	4.150606579468681	0.8457225822672266	0.01131323985845682	26.730958707609556	268.3217121015549	84.68468932777496
0.02646957106115025	0.3971433308694438	4.244817763265006	0.8281310677886965	0.012668472448344634	26.908116827097626	269.6499757644109	85.174955534434
0.029240346767915208	0.37517268374997126	3.9953489052596276	0.7063609355731416	0.016570874683136397	26.08379201487693	261.26060880466696	82.54494158784689
0.03077036713478311	0.3606737386012857	3.6730875061370307	0.5699001693701413	0.02040163501163373	24.120059268542207	241.70174507467522	76.3469738530038
0.02988175683812585	0.37260263334853627	3.2614192080342628	0.4639109670691825	0.02139012420176314	22.390363880569414	224.7092446612418	70.92476122831225
0.030111202953400994	0.3787723938524067	2.9862762449057176	0.3621035790868616	0.021305925030814566	21.23675946253169	213.43285047028368	67.31732397265884
0.031054470791506483	0.38189684250451067	2.906253802791423	0.33149532546141747	0.021670737866132623	20.877185486116698	209.77031835292766	66.16958399246454
0.03180143690445905	0.3845381973570108	2.8404982938185706	0.3037763873322908	0.0223837900738777	20.43481998024114	205.31623817165246	64.76573450566305
0.03200151412814975	0.389491924637951	2.80280316426662	0.3027692171135382	0.022480659923563462	20.3703150846553	204.5329751928589	64.5399190414779
0.03265878667577404	0.39216558302852944	2.779761305621682	0.3002111142167676	0.022473882563967415	20.1513561509463	202.25721614861752	63.83382486354486
0.03344051346489603	0.39431021803777294	2.749243780148635	0.28992225576764424	0.023364709452906775	20.108489663822006	201.66698261193562	63.67274483942309
0.033976999562885246	0.3982911039781632	2.711946478394206	0.2830974334205811	0.02414383382440128	19.439048097627023	195.03279921052726	61.565022248580995
0.03449490933112789	0.4025234381511908	2.681185395695275	0.2814959392176433	0.024709218912686997	18.56384386916393	186.43955027373593	58.82205965723041
0.03504079839948628	0.4039647816942005	2.664931998413901	0.2766562360930277	0.02493700184018579	17.743451295224318	178.41775374409403	56.25608166022282
1.0227706035570692	0.19151369316782688	5.221624679511766	0.003553408162427556	0.9517949906165986	0.10160183157831676	9.842383390539684	-0.0020444008499339904
0.5049638157614782	0.2282161704392599	6.605847032686974	0.7124332335786769	0.4020024170339528	0.11345191155188013	11.247726264031783	-0.5254293913236041
0.39789330650135546	0.22148547355024656	6.895621039192074	0.7261404074202867	0.2905278841924743	0.1167044991009834	11.66844945364957	-0.6014653346397588
0.33407613250365287	0.22158105527766	6.914786599131445	0.7295105973564519	0.22911226148142755	0.11948228818523117	11.605995705203153	-0.621860855437644
0.2955516524794992	0.22810381545469352	6.75940668507563	0.7361022042323425	0.19511436283240433	0.12367240571377974	11.320121385008447	-0.6324449736190485
0.27250248911843905	0.23374968152789133	6.585740157259662	0.7344485444092667	0.17716750907167747	0.12811774731404824	10.948285424271027	-0.6345625780873254
0.259275231746475	0.23957459650187396	6.427226924781949	0.7347110296780738	0.16675031692559195	0.13108991180600535	10.586816795140344	-0.6227558751078016
0.25008063162637767	0.2467704314104838	6.248503819752879	0.736169806002986	0.16057476990881575	0.13399356869490614	10.24271849201497	-0.6102937029679998
0.24319679562460747	0.254409518514561	6.159325455159229	0.7529880632663039	0.1569087258228299	0.13759113424194974	9.946410193782677	-0.6070731917967138
0.23930655776190554	0.2596584263709543	6.034716194500557	0.7529707236402545	0.15604515672823585	0.13979542239436582	9.711652579837665	-0.5980339242432144
0.23614463958279666	0.26269441624725814	5.949219756807438	0.7502178424572326	0.155082612991537	0.14231515733664618	9.499614344420388	-0.5932445617649171
0.23244954328976175	0.26717077159310465	5.869024635257103	0.753678870806778	0.1533447011455725	0.14368428411916653	9.354094014648355	-0.5865460783929335
0.2290821654326649	0.2707576967683115	5.791153376505859	0.7536573159299634	0.15161082571853454	0.1447084662724153	9.258650324436264	-0.5829280300361032
0.2267752527745288	0.27468575631876285	5.699838255923833	0.7521066295566446	0.1511493268945922	0.14528626891490865	9.134129203086207	-0.5718947033354153
0.22673549615958116	0.27705132813623545	5.672585491401165	0.756040570577421	0.1504074104172294	0.14633328260640255	8.994155739014131	-0.5622671371893898
0.22554135395513467	0.2786090300285547	5.6270425818583	0.7534884708214951	0.1499589367650023	0.1468909949568345	8.910705108396202	-0.5557898336055327
0.22486508567269214	0.28192131315133295	5.617232606858618	0.7639486846654472	0.14938649651394426	0.14769496536625001	8.869650257815126	-0.5567788498486231
0.2237543932238729	0.28513079316373907	5.569754627222236	0.7668823603312843	0.14887372991599035	0.14870834502778524	8.759722427892369	-0.5501307346028278
0.22203427318498864	0.28496031279050676	5.561886628721183	0.7647986358681124	0.14837314005188224	0.14972690886715762	8.70928115460149	-0.5513744151966706
0.22196351036717524	0.2866403090746858	5.528353643202886	0.764623434745392	0.14821701459283979	0.14919591658152645	8.696412119951141	-0.5454073497917004
0.220895481601752	0.28688764644641707	5.542207206401416	0.7681085740719696	0.14816240743500858	0.14990129837197547	8.664365727071399	-0.5466257147789954
0.22071411807739857	0.28728621787234043	5.541903503633214	0.7694884647428173	0.14886628629326562	0.1513532246840943	8.576454432112675	-0.5459615688456887
0.2205154907480975	0.28716804255286926	5.552928442619218	0.7711184029078243	0.14798080732298294	0.150434777229269	8.57999734912107	-0.5391938332758887
0.22021652346678747	0.28689983089935484	5.549576569864523	0.7695275040290328	0.14782557638952049	0.15084771895350854	8.582433769139515	-0.5428080297345077
0.22055563068894254	0.28747188777730354	5.535875291366032	0.7690308969792587	0.14846018742125805	0.1503954502612578	8.586306760250432	-0.5397605684830501
0.21939870250787522	0.2877180821071824	5.50913377934681	0.7649035266395086	0.147612221820286	0.15111600815672865	8.557253922181163	-0.5414222506542625
0.22000493340190477	0.288865810704305	5.511918811240347	0.7695485013598897	0.14740795518077468	0.15143450815428341	8.530846408609248	-0.5402448796864959
0.21896448801354207	0.2883313645335037	5.525156078960779	0.7701141418694664	0.14708724660666864	0.15238285751067837	8.493675455902427	-0.5424855175382343
0.22017908556949087	0.28869110211227245	5.515100905726156	0.76951969353258	0.14613667064368205	0.15142019361293174	8.490328121584657	-0.534422237568449
0.220397073465916	0.2898754756329412	5.5254288129546785	0.7756844108470886	0.14639653268515854	0.15111092666165987	8.432329729448501	-0.5236574828393334
0.2197025390815767	0.28837735286287125	5.504132873221187	0.7663336530422213	0.14683286082158772	0.15103091504130245	8.446785232335584	-0.5250958986670949
0.21919254273183364	0.28950800082661887	5.528221422540445	0.774896336400277	0.14670887047302153	0.15181674303920112	8.372067762997059	-0.5205958704040051
0.21908348567420768	0.2904381236141165	5.510754838038063	0.7749408331332073	0.14572812690359774	0.15241885177869977	8.33725744011284	-0.5203414321437614
0.2191346469062597	0.28972886834360656	5.517847574577841	0.7737439715273732	0.14622609620652832	0.15311503439321195	8.344444085240903	-0.5269343821614748
0.21895197097547883	0.2895505782409612	5.528506867262845	0.7751015160771403	0.14664832057958804	0.15321572780907325	8.342591374436463	-0.5274620453150917
0.21886229777724123	0.2905380775591329	5.531316640541573	0.7791393348521111	0.14614126357493976	0.15318590200427043	8.360415402164426	-0.5298091868880278
0.2190542733076635	0.28922464767748324	5.520084251902525	0.7723628829161403	0.1451346213416569	0.15326361283224307	8.37568210462036	-0.5326230367609736
0.21921346250089208	0.29006776484472496	5.533475337081991	0.7778706980281389	0.1454743368785286	0.15269423273956745	8.36870849711472	-0.5271181300126478
0.22033540270572063	0.2912717275558775	5.518532038900771	0.7793538096032423	0.145986336923787	0.15346986051707862	8.32899383203656	-0.5274936223787535
0.21976866787598046	0.2904602417278444	5.5134440520524475	0.7755232376351464	0.14630822012586667	0.15358476183164635	8.32736584688988	-0.5281633272762963
0.2195463984913082	0.2903843348772981	5.533463360980437	0.7789936313258297	0.14539973254187324	0.15329393327738544	8.293358343155685	-0.5208853237528921
0.2200117985597701	0.2888693448586606	5.518979255605743	0.7708851547768768	0.1457117219494166	0.15398768244319355	8.27155283577602	-0.5231799416907869
0.21986919709424319	0.2883080017575547	5.534170267140984	0.7717159912205328	0.1452127000384032	0.15454269995439407	8.224996355568651	-0.5206852637674998
0.2202444323620164	0.2882712634746135	5.523916913919059	0.7696664914781176	0.14565750997006877	0.15377605559310678	8.254556504910308	-0.5189924276861163
0.2193507339522243	0.28823592067140485	5.531571142166362	0.7709717899649089	0.14541567015561663	0.1536214460721904	8.293863733218059	-0.5235602546246737
0.2192240259121895	0.2896555030067975	5.524380205527288	0.7747045418950387	0.14588533331135728	0.15382296380708368	8.283769729523843	-0.5236735732216794
0.22049199047530124	0.28849784895418423	5.527031541870677	0.7710620668478113	0.1457087379057424	0.15343124738369454	8.317453018694916	-0.5255066048239896
0.2204963774702348	0.2884071649159642	5.531433880247243	0.7715602136724122	0.1453725150991166	0.1534901377838091	8.292725681459277	-0.5223519957370859
0.2204260277153692	0.29004943856505805	5.523357118687414	0.7759166393818355	0.14565210739507317	0.15427244610571283	8.247013036037089	-0.521811147959818
0.053730535740151915	0.13105541943793764	7.630409783174567	-0.0025601986808778923	3.6327134720149186	0.332188089898881	3.0104909582263444	0.007017198234445611
0.05025741419192383	0.14578298815049795	6.861133397526745	0.015379492534769909	0.03774138502950913	19.294812955859452	174.21107542224587	57.968699442986974
0.03704730642137262	0.1645046593405464	6.338857919690334	-0.2068131105292478	0.024421894264657195	17.948431208601257	164.24750403876817	54.286140288514595
0.03295265562813388	0.17530446901316224	6.0459918273520765	-0.2447230821803986	0.017024230629596092	15.736241823319457	146.04442392708611	47.92901388370107
0.030965283449678967	0.18795786853801288	5.6371779076407025	-0.24403267012783755	0.012186787156423781	13.143893565494333	123.63337268522064	40.29917978963882
0.02982417619653665	0.205177851512034	5.093358653270468	-0.21223662609988353	0.008906965177031356	10.862493766333438	103.16458632232263	33.46079311421948
0.02910858706806746	0.2281452380162323	4.5140106517336	-0.17277162541218996	0.007399739364246125	9.471883011843383	90.36077721421383	29.238445762938163
0.028878803103912932	0.2450975366471101	4.1572824442410115	-0.13762153258029328	0.006871029241691344	8.795877379077881	83.99866991263232	27.163247238817977
0.028676012444222056	0.2621114635826834	3.8402175285162548	-0.08102491515127191	0.006866347686498091	8.664957701118297	82.65014619678179	26.74247596589287
0.028610017667980905	0.2765155471695266	3.622074726116862	-0.03949651606303278	0.0072225185457038205	8.958828738283751	85.31658813397114	27.62854867029644
0.029490538202380786	0.284956915091528	3.5171225944359814	-0.047205979591452535	0.007639339326408756	9.267078361095262	88.15152411801215	28.564087271460252
0.02952725284806422	0.29366054353613774	3.412482667975018	-0.04595122506738297	0.008352386336794521	9.833145298424627	93.46125443278116	30.29881341918475
0.029796572932413074	0.2998439529414343	3.3444159926449726	-0.05294253030616947	0.009368703396207954	10.504662169863824	99.80798313738224	32.36431900586919
1.0313887850724082	0.19181245355621787	5.213487845476806	-0.00344894569777927	0.97276308456325	0.10225009120241764	9.779942745625638	-0.00019415108642981905
0.5090727486287393	0.2313855712278299	6.548077126264543	0.7177259688102472	0.4059548588578748	0.11064682972833915	11.326693046721854	-0.503252100766401
0.40327101567440954	0.2257389795310671	6.846496913281565	0.7385940878227913	0.29100247344255514	0.11061424524371992	11.804165866894703	-0.5529094845435718
0.33776114507489435	0.22732150130113105	6.845232266966185	0.7456999903994218	0.22907926064767842	0.1112823787740035	11.808900847227937	-0.5604663923785886
0.3001199919292853	0.2338717852728416	6.69808547364525	0.7526574304632233	0.19684296993119824	0.11274982501175393	11.585384460720325	-0.55339865435336
0.27947981869274663	0.24266311472476787	6.49444885423169	0.7589223856156583	0.18026168933894587	0.11490628571744249	11.288681229550821	-0.5451058894709326
0.2658851910240687	0.25067380744820783	6.312000677671869	0.7630552027787213	0.17026406958423423	0.11687203246479676	10.987784616673467	-0.5330710275714257
0.25804481608029894	0.2582906939816206	6.137863357313612	0.7650836464889917	0.16535610470401862	0.11860469506985424	10.693075412523658	-0.5179275515565129
0.2506106927125111	0.2638673474942643	6.004185247573562	0.7644007032580677	0.16258819296372554	0.12062758299855923	10.454687435469689	-0.511002618727257
0.2466505405151841	0.26927592963937347	5.864163743805585	0.7609718415754668	0.16052863490831618	0.12179563263653945	10.281217558428384	-0.5022025455955818
0.24429572092641283	0.2728737383408701	5.773033103081837	0.7584913476128349	0.158943081050208	0.12236539953586024	10.08040267476325	-0.48321061741207577
0.24122967787825061	0.27612407638543945	5.72367191425067	0.7618685062763433	0.15719462675499074	0.12296233324317318	9.929947616621304	-0.47011650462650445
0.2392570179179507	0.2802288977667394	5.658967286431287	0.76537975226333	0.15710063817645942	0.12353910433487736	9.828950161090344	-0.46288194980280845
0.2372477765481783	0.2839278377824973	5.634174061046928	0.7744022590639094	0.1568439746767686	0.12461399989506552	9.685725920042477	-0.4549473033042469
0.2352090291003076	0.28731618505833423	5.588932793245052	0.7783256700781416	0.15620392446428757	0.12558281124867451	9.5611063732716	-0.44800738498719667
0.23455141088406817	0.28853964610926724	5.580930300008832	0.7812295781171086	0.15654205427745535	0.1261892576118683	9.484513347976776	-0.443670709187619
0.2341815651254058	0.2899045530068042	5.535172725719275	0.777606439572809	0.1560051502852146	0.12551980354587097	9.47672943405534	-0.4353357518284014
0.23313278503544463	0.2915083508446072	5.547756253044884	0.7856317688414668	0.15585881868424395	0.12631970256149946	9.433709200929565	-0.43779371890549473
0.23320383484748924	0.2923186619894983	5.504814895513091	0.7804871073606832	0.15578423773124633	0.12653630818169445	9.351310254313367	-0.42811245747167376
0.23209859537865515	0.291038305814881	5.514610502564917	0.777793608803417	0.15522901840447423	0.12678564278777757	9.328381681899145	-0.42743989952894273
0.233504055515418	0.2913145959872236	5.493237802316088	0.7747647068907147	0.1549312680967488	0.12716176966587345	9.272000555267235	-0.4231359107316971
0.23385536444667387	0.2919300939135376	5.504598318347749	0.7790750310666867	0.1550999364589441	0.12734865508926402	9.260715141668454	-0.4234850864626293
0.23317077941470055	0.2936336672486352	5.501462526677607	0.7844836626337662	0.15422494033833525	0.1268384156317266	9.286771311240882	-0.42180488315329606
0.2320827768931144	0.2929140568551545	5.481861437858629	0.7782764758625313	0.15396797497483417	0.1280869334379445	9.227891560178051	-0.42658215157352264
0.2307176685625135	0.29494077249249423	5.483944847989833	0.785772823258959	0.15340320347865463	0.12803227557863645	9.203009367632482	-0.42223480613219805
0.23056000345512764	0.293712408958494	5.496998230924127	0.7839238435239138	0.15348597012690018	0.12818793482789487	9.164023115251013	-0.41799186338865346
0.22994380448537383	0.2961525462907241	5.456469267823074	0.7848230803326862	0.15358845081258488	0.1285189441844922	9.121772839606113	-0.41511518213256743
0.23119235789361678	0.2962487985430353	5.4370250738882975	0.7814807392301911	0.1536058672047899	0.12861481591271035	9.113849772319792	-0.4149410930758812
0.23063165262535085	0.29686825450713	5.438901106204497	0.7839879322003801	0.15379743914049654	0.12895429175807954	9.065446031111556	-0.4111303593911352
0.2303800402001625	0.29762985546365345	5.433434139144637	0.7855903624058143	0.1532978035236078	0.12840921184323648	9.058942557511026	-0.4040441485074912
0.2304552071861656	0.29730102811597303	5.4324226128524185	0.7842606887773254	0.15330333217319891	0.12847502436242686	9.08532391231947	-0.4089464646818493
0.2298963001995651	0.2969821386280754	5.4444456072604455	0.7854317921299324	0.1537609848053367	0.12817644906631495	9.06614405135656	-0.4025744045845167
0.22971307569217597	0.2982721885084441	5.451800644540532	0.7912777701659834	0.1542894891043538	0.12896459667387541	9.025345399811592	-0.40490743303762516
0.230865287083525	0.29941187619231446	5.425283293290063	0.7901862120530807	0.15357524990455418	0.12958805906474505	9.003175582861902	-0.40829407196551215
0.22956967429335515	0.3005100114217225	5.39363602750909	0.7879350380782483	0.15176888977076766	0.12899306392026286	9.03912891757216	-0.40741248661262464
0.22916416147144528	0.3006054155986088	5.393217539136004	0.7881817047900088	0.15224880088119835	0.129344244623453	8.989519001875149	-0.40341361507232026
0.22857410052546798	0.30044000393318804	5.400660042061442	0.7890337915949803	0.15226404966905993	0.1292161294503062	8.987185859078549	-0.40160848019016615
0.22737955161805487	0.3016960027547433	5.3867467538351015	0.7906705783600013	0.15159942054000114	0.12846835778704313	9.003648018117659	-0.3958331403257456
0.22916937528654094	0.3016042325267305	5.370197936786209	0.7871940213448245	0.15199983674907308	0.1284812498779653	9.033496575214375	-0.40079287762117444
0.22918603296905835	0.30054858308786103	5.357303382499767	0.781108149222699	0.15265814614265028	0.12801417232373552	9.057479765117714	-0.39935670204783885
0.22975989578165984	0.2998016520284301	5.3878139643689575	0.7843950072123477	0.15367277463173679	0.1283598933676254	9.059575443518098	-0.40359154833313926
0.22940572602299214	0.30001319288219996	5.380603488336468	0.7837423251100624	0.15304830590811036	0.12870101451000754	9.041869299475666	-0.40459578829914855
0.22969883443863895	0.3005531721846952	5.38117047711818	0.7857021426498073	0.15319922837957559	0.12881110991610553	9.009665820662896	-0.4006807386595809
0.23003756210863266	0.2999152077716279	5.390300143933423	0.7852598217273241	0.15309847252044	0.12950826954339067	8.93883921028201	-0.39705616460424376
0.2295764728628742	0.3012147365151582	5.376997599115177	0.7871663833397082	0.15347743530224944	0.12945348748166494	8.916279207382765	-0.39273838462258087
0.22820951976546408	0.29978986109759975	5.381961687208613	0.7832353073252467	0.15327649633487453	0.12917760250448532	8.955925692672652	-0.3961123693950682
0.22945134937418576	0.29896566835574606	5.395377131546608	0.7829639392488902	0.1524753739033421	0.12932269946360395	8.941832974961537	-0.3954516133165907
0.22909069024537884	0.29927061024132123	5.402521400027046	0.7853762641103255	0.15208815048026536	0.1281339492373535	9.009809052820302	-0.3930170680928812
0.2294952550378767	0.29865075431433563	5.396820996771901	0.7821538605577378	0.15289864955141264	0.12928144024508614	8.924387003964975	-0.3921193761816946
1.2800057706531882	2.3324548319729717	0.428733016287812	-0.0006288615538343021	7.962673462010048	1.072639251334193	0.9322809572233092	0.001071442548739098
0.48601090916014633	2.3021366331137183	0.9631168493475638	1.1032799195363308	0.4833217059633325	14.417985736498524	11.890723581971704	13.055277974884895
0.007194985483901043	0.8823483660728648	5.530848815307705	1.9698059333809494	0.36825561061541284	16.901407375020028	14.005577179869627	15.352979041191347
0.00514151046885982	0.7948664488913944	5.411235612120842	1.816923123063038	0.3315676830679998	17.534342883199603	14.583655658892392	15.959787555401023
0.004141218315158095	0.7373763393382988	5.329693609001247	1.7117213450792934	0.32196764957922713	17.01890847637128	14.180468488885866	15.502777021050631
0.0036316070224209603	0.6959967158296515	5.22016039562466	1.6227182415498933	0.3108303819913821	16.68101671387753	13.912830415861302	15.201320886828423
0.0033890573026623817	0.6609798265803379	5.067515468516325	1.5328161975830958	0.3052105675619929	16.24467388952044	13.568730365888692	14.812818769184181
0.0032773241968133424	0.6308529765459105	4.93766648849324	1.454283879253619	0.2985682044365094	15.936238377932783	13.321575696460895	14.536017538118093
0.003224746174481782	0.6033741319567714	4.7746446679643935	1.3714580131870764	0.2934891848169633	15.547091214195351	13.011019115137605	14.187441664115616
0.0031984696052482025	0.5845761944605752	4.7015189749783195	1.3222692882227167	0.28787251223052196	15.346306969517117	12.848464189713535	14.00630127985943
0.0031545158742212866	0.5685796615284485	4.63720120111619	1.2793038299676733	0.2841846443507251	15.17642236627833	12.713301898365547	13.854329261267166
0.0031443293103902963	0.5535117309273758	4.539471044019206	1.2298985629188177	0.2805331558584421	14.980442530750027	12.546832449316843	13.673225751443605
0.003092097982020878	0.5446221622818777	4.432229478868574	1.189071235255013	0.2770032157183749	14.802572108330294	12.403313259237972	13.512991486050723
0.0030920096919892386	0.5349558678255851	4.341248567452545	1.149946257373863	0.27291924902000986	14.608420596082116	12.250365222025662	13.340108231156437
0.0030689747666842303	0.5271909876439206	4.287260137804104	1.1225884848578114	0.27290357692976214	14.399518973371775	12.099972589623718	13.16183060526024
0.0030713475124398994	0.5196252473898614	4.280854553324906	1.1065442179648624	0.26969133243792937	14.346106028151649	12.045872774151672	13.107683548957272
0.00306322644031302	0.5136855386242243	4.250851849143549	1.0879343370530612	0.2680128986235021	14.168929303871197	11.910074316327606	12.951949698477753
0.061544979929261105	2.4739172756611576	0.4042295845777482	0.005527442466852416	5.008214300861199	1.4557536114666145	0.6869355690796434	0.0029892361172945275
0.04462500174159741	2.521819894036401	0.40802947870834627	-0.17022589920458647	0.6467894423784789	4.825126710284823	1.9675000757168295	2.9143502136546124
0.027742596119900886	3.076611847465675	0.4178729789573935	-0.5344464031089478	0.5624212430283723	4.590775976036117	1.8655337454474037	2.7503177091173696
0.02189611665884381	3.3055383160283522	0.40647025954498445	-0.5861766092671518	0.5238591696961624	4.625572279048542	1.8728904603032435	2.768246772755844
0.018911094875808592	3.472208176397844	0.3912946080946761	-0.5988792345763246	0.5010052805529537	4.800039723833215	1.9391331792845692	2.8823456229898814
0.017388069789585552	3.5721908049218336	0.37807571793227035	-0.5920798959278022	0.4825711834383722	5.0038572468511955	2.0174760357041466	3.0158186420285316
0.016733553721389967	3.6679525605816568	0.3683923866398015	-0.5926599344263519	0.4653713298397687	5.1840274736466645	2.0908398178250276	3.136713416714911
0.016378477567718406	3.7481860947678425	0.35678091587881394	-0.5807592166944109	0.4492607414289122	5.359668765513997	2.162928861844672	3.2546247499301098
0.01621658262017608	3.8111115986204585	0.34972971173026046	-0.5769393042230568	0.4352318763104269	5.5071997231174254	2.224211716283282	3.3539794495598545
0.01617144166860314	3.848466071257651	0.34287685887061264	-0.5652875002889687	0.4231671311506996	5.6818972241228805	2.3002364213280826	3.474148375813903
0.01619884395403005	3.901919134502589	0.33719391469850807	-0.5618748862513278	0.41009591331140904	5.816345651232634	2.3531502649888645	3.561844369208866
0.016093703662792794	3.9501940585186532	0.33081093525825744	-0.5538658600691755	0.40044511109610564	5.990815418805357	2.420462803146308	3.674308898518705
0.016126725057846462	3.981008777425909	0.32790054544681935	-0.5526074099634669	0.3902379416199685	6.133870969138601	2.482114690403401	3.771600620630168
0.015975813772063766	4.021544499697113	0.3239094790662194	-0.5501057934056972	0.38161574953363914	6.316013940463005	2.550140461383324	3.8867367680659606
0.015974309561413	4.040283405287882	0.32126847583556983	-0.5459081347265159	0.37587303912432823	6.40573995719213	2.583491996880612	3.9432445921479715
0.01605813604578604	4.084368080745681	0.3180974312722536	-0.54701644843239	0.36690130081713357	6.513179354897437	2.621757963067939	4.009486231251088
0.05236966574049292	2.596132095355755	0.3851920571670079	-0.0030761156314381855	5.145834165237206	1.448192559526248	0.6905248009554397	-0.0035887201076825635
0.03832917872828852	2.565801167832721	0.39848706526766203	-0.1497951181781343	2.410008180605535	1.462153095160606	0.743477548112264	0.29508981370892007
0.023613242201932567	2.9517010463681816	0.4252900134259793	-0.505300878328349	2.047267018755271	1.455848348008887	0.7249269930053387	0.23533755585089325
0.0180227273740224	3.006180201031053	0.4292284663500735	-0.538830323256324	1.8589160199043446	1.4616543345265527	0.7228778882707604	0.2379024983566962
0.015103023869804456	2.9457089100231872	0.4274576981050173	-0.5090834410643812	1.7743091681231815	1.476013156984253	0.7290337925199192	0.2757960653191573
0.013509691997181881	2.866554921220741	0.4289671844099484	-0.479226453268747	1.713972393702456	1.5051598673618118	0.7286109942669371	0.3109276885212718
0.012834199250875727	2.7897840018170625	0.4281935036901646	-0.44109793275055875	1.6709772390306812	1.5202841044550146	0.7316186014614441	0.3350643674362312
0.012540614895670424	2.7362060092418874	0.42871729917835294	-0.41600342580051136	1.6361485099180821	1.5310550211331422	0.7341438729603382	0.35215715657935637
0.012321607283899708	2.6878880163676127	0.42874314896190174	-0.3904018086464378	1.6109660158711694	1.5451129608957768	0.7409121515180408	0.38051671211091415
0.012066921543285042	2.6438098701264034	0.4300887563329329	-0.37023357360374237	1.5747257270867485	1.55831377593312	0.7429575728683183	0.3971914157362107
0.011950391110174083	2.585917320657592	0.43568543476275434	-0.3558742925686539	1.5562932030925127	1.5735344398862574	0.7490687556121691	0.4227120589698035
0.011828043555330025	2.542543860323599	0.4373153715226478	-0.33450487722907973	1.515637443240151	1.6041681404834203	0.7483337826346477	0.44772001580222726
0.011712247642074325	2.5240407272936345	0.43879908914585336	-0.3279432452475341	1.5036615810485847	1.6092178817775298	0.7559341558421558	0.46525558677741763
0.011673186711571318	2.5004967510271427	0.44201972958357094	-0.3244516877959113	1.4811752498060433	1.6314923425142616	0.757339583745693	0.48537998677740757
0.01164230745288003	2.474606134167688	0.44490579689337917	-0.3177524415627982	1.4759369834912728	1.6393266864400589	0.7620799660265072	0.49929753204736216
0.011677399213948458	2.4567195660317953	0.4477079342371726	-0.31605828878252556	1.458532843151915	1.6443959512969257	0.7695567311372109	0.5152241968069109
0.0116194369098177	2.439301249542558	0.44966376688504106	-0.3112320491798589	1.437904356255889	1.6660797998213266	0.7691464337426402	0.530527413394657
0.01157588355326664	2.4288652030239173	0.4507818479588604	-0.30803951802016266	1.4303411241330044	1.6847429807963534	0.7729310012512258	0.5497181814329049
0.011491003158018924	2.4240167970790814	0.4500857263973668	-0.3016875219705925	1.4219096503055246	1.6971175931647207	0.7787666706840499	0.5671495550454195
0.011508320950073205	2.40506463359044	0.4535286725212653	-0.30127358098597945	1.4152098385215224	1.7231822341740644	0.7768385565153249	0.581923018455734
0.011472729245385676	2.3826908378169906	0.4580110959692784	-0.30215698235274674	1.4012929956818343	1.7379044581709966	0.7776445054442812	0.5928506159934357
0.011498470735218006	2.3891290073760643	0.45634205271353834	-0.30043307977559863	1.3851631920775749	1.7389152445497553	0.7791568612004314	0.5957245536629895
0.011431172893706397	2.3987132597388294	0.4522644676445292	-0.29129499729253	1.3756305690887376	1.751523381669704	0.7816519362885487	0.607520899012364
0.011371097996576865	2.398062470102662	0.45196257086487385	-0.28954184340466005	1.366084447556082	1.7543111647753193	0.7901081807542585	0.6213659170549282
0.011371470832774502	2.3821142886910622	0.45546725317249265	-0.29150480581469695	1.354366372541223	1.7678963034109743	0.7947026671662527	0.6363583169834903
0.011289280669779808	2.3642624650334927	0.45855574965561235	-0.2900795529437736	1.3468431395398093	1.7873635686365332	0.7939611070475318	0.647377137108725
0.01135586318093951	2.3515327450179346	0.4610494229244081	-0.2901255160760045	1.3421367228411383	1.796878543124756	0.7924784119856796	0.6511431903864527
0.011358392759252491	2.3585872665533603	0.4604869076662118	-0.29342555586734453	1.329671123059354	1.8126985784112886	0.7945284164043762	0.663506240304931
0.011385722643650125	2.3479323637333294	0.4616332438938416	-0.2896267140882414	1.3263741247497958	1.8294462254691406	0.79387294211483	0.6725681061826059
0.01128096844142393	2.334149149962449	0.46524803307081597	-0.29318646100041224	1.3176224809693289	1.8298992488617758	0.7980025492158227	0.6784277893776288
0.011378302009310065	2.3249874709829923	0.4652159931396504	-0.28569451403657825	1.3073099187199264	1.8165468972664325	0.801557788316675	0.6753275600376455
0.01130080942780601	2.332011286551904	0.46445305374053353	-0.2882876400340851	1.3122699473272006	1.8176686262047876	0.8053975756090626	0.6811357462400511
0.011264233528900238	2.3234365523296767	0.46440292524234283	-0.28108847631463985	1.309037682019368	1.825285620708414	0.809932605389533	0.6916345410405822
0.011237990993333419	2.3236873567522167	0.4633499711532874	-0.2769123863614596	1.3044715057277867	1.8382612929920141	0.814968699833776	0.7057800053164283
0.01117839261794504	2.321393287699745	0.4647421366207858	-0.28080113330029494	1.295926269820757	1.8459339068669869	0.8144938817367812	0.7095786589474306
0.011137969529072285	2.3167012112289447	0.4648538110190507	-0.27735786816354346	1.2902968617089252	1.8671125605359122	0.8102446224773966	0.7161130579274656
0.011165615725494299	2.3192134653921452	0.46440855229212885	-0.2776014551820247	1.2843449628389578	1.8808502029065075	0.8128128995821416	0.7271721303131039
0.011231091473891189	2.3396845196464717	0.4597872190869732	-0.2752399659008331	1.273271305852216	1.8834748077361696	0.8146384952875577	0.7309932169905649
0.011231286137808274	2.328096701416596	0.46238866069036155	-0.2765601484770871	1.2716990065233063	1.9037167494229623	0.8145081142657905	0.7420193661008434
0.01122135956279273	2.3208144009590397	0.4648966673038419	-0.28096063858950016	1.2606812932614657	1.9128467395742503	0.8125595399384291	0.7445145174415184
0.011233889062340555	2.3165853698314125	0.46606646976450766	-0.2822813582676564	1.2620350366787594	1.9202156114717475	0.8157676309288316	0.7526285539646136
0.011156817393146903	2.32320305299752	0.4638718685269157	-0.2786907626050687	1.254752505865474	1.9204038103827317	0.8156209716851536	0.7525434351931023
0.011186896433886132	2.316167304026248	0.46407111279215624	-0.27361713797251275	1.2537646360654597	1.9172511372465686	0.8212935479789114	0.7580408886569623
0.011144171824493742	2.316118888817202	0.4648947168335299	-0.27704049337499914	1.2521656858376884	1.914360346380876	0.825202062829857	0.7614027231584994
0.011117912441345272	2.307628008675633	0.4644285139225318	-0.26782129630639046	1.2423822070055082	1.9239925276417085	0.8280094137707456	0.7701194225001121
0.011125273533231938	2.3153753576689624	0.4622309956688748	-0.2650250118809578	1.2381576157788832	1.9256745500739556	0.8271771544799501	0.769983113311346
0.011225501137503265	2.30217574527249	0.46454025786819175	-0.2635399673043525	1.2390894709998452	1.9239679343245448	0.8314289618117234	0.7743659743264181
0.011253838406199387	2.2988442353056766	0.4652867771341572	-0.26385948036561857	1.2360379599581461	1.9335643645231042	0.831513743245624	0.7796058892485052
0.01125171453794909	2.3014277785408077	0.46504368742235774	-0.26507444325861074	1.2369789477594657	1.929416761874111	0.8324496482712247	0.7785514143527769
0.05236966574049292	2.596132095355755	0.3851920571670079	-0.0030761156314381855	4.829565860709126	1.489923200092009	0.6711841783860109	-0.0035887201076825652
0.039624869594293836	2.653919488098353	0.39111055897797126	-0.19487415034498082	0.6371563785299386	4.798393082105926	1.9567131049260664	2.8963906204694223
0.02646128682019725	3.091472543230476	0.4059725075774822	-0.5050275838825169	0.5571215279923138	4.5953291844877935	1.870047017233985	2.7556272670046793
0.5756972218801545	1.3574126137766662	0.7367175317081457	-0.0054470479204810985	0.3704319185913752	1.1755882567503277	0.8506430942252714	-0.00245606534755232
0.26345345560373035	1.4498372405905433	0.7087542220654178	0.16606705144676484	0.21397789641471757	1.3378390722658098	0.7777297392454348	-0.20118954452367196
0.18867462789907846	1.4466204849388706	0.6918224877121641	0.028365166415637078	0.17699404620313908	1.409652616610426	0.7512942555574899	-0.2430306836409709
0.1477351084159277	1.4466812733469556	0.6921949712779125	-0.0372223380873632	0.15699903896657771	1.3980603232729254	0.7538814956823202	-0.23231833238705285
0.129001602607237	1.443543924302044	0.6945927454994756	-0.05172173266668327	0.14551422055576896	1.3594875404366675	0.7676900689906833	-0.20896191928147959
0.12022666620415735	1.4359465974603296	0.6982195058497516	-0.051048248798402134	0.13911077527919793	1.313628551671045	0.7889154172764093	-0.1906352983782592
0.11603330868443798	1.4337610014150242	0.6981865050857243	-0.0321338249538398	0.13535040081003194	1.2846046440460561	0.8008524875789257	-0.16964322780389557
0.11369140225432786	1.4242258976620323	0.7024602740607423	-0.021496846189106283	0.13170574253829412	1.2521964417565732	0.8178346899510237	-0.15520853295409473
0.112220007471415	1.4147063972948086	0.7068986245268968	-0.0073489017616130544	0.12934133876781972	1.2291414481264202	0.8288766471783972	-0.1371373123224575
0.11131298861221726	1.4036505830624462	0.7124280208726428	8.29934315660107e-05	0.12816238782357164	1.2022135214345484	0.8438549367086615	-0.12039026140202566
0.11151916222780381	1.3994917525234685	0.7146442498073357	0.011778522559623484	0.1261210886163021	1.1855491889803065	0.8531765724185212	-0.10715779713943138
0.11098261571120374	1.3961246029480698	0.7164072427516496	0.013920392802226298	0.1246925990047452	1.1737063108891732	0.8598125871232457	-0.09574685210752701
0.11118360792391885	1.3947414097448951	0.7173173022792494	0.021728907367039266	0.12373227338624099	1.159364667169882	0.8685019584121569	-0.08312932064501104
0.11071146809613361	1.4027144633441406	0.7133692695543723	0.025561535735610694	0.12174156230881979	1.1513564021929767	0.8732431041648907	-0.07358015120340129
0.11062047557086986	1.3964493620587264	0.7166215525173718	0.026939002402055986	0.12115565865541224	1.1396413583167282	0.8808265775381724	-0.0618578795876309
0.11049529691012336	1.3966833383616661	0.7167940248132785	0.03367894733961719	0.1196036506312759	1.130267270244773	0.8875633344833147	-0.05642505858042605
0.10991848990273075	1.3950807965919294	0.7176510230169115	0.034368020970750646	0.1191473793903742	1.1178327988469614	0.8963222975475197	-0.044027974476269834
0.11004950613009963	1.3941820777489007	0.7182314290631856	0.03667950484772519	0.11873338972925114	1.1085876197574844	0.9031732737577647	-0.0353087777145433
0.11145690683361002	1.3930348437113227	0.7190157599354335	0.0401747030808494	0.11818017514145929	1.104679912165763	0.9060146095518358	-0.029259858178399538
0.11117153245316033	1.3905284243478988	0.7203150929270793	0.04023196741276665	0.11715868127045961	1.100010437915518	0.9095587608011569	-0.022893902655003972
0.11002605638811949	1.3955060073408874	0.7175870029128184	0.03737610673385802	0.11700927672892528	1.094935210267113	0.9134369698053548	-0.012421779243754281
0.10984590193734878	1.3869414718104687	0.7220253729407213	0.0375091113052123	0.11624078657526617	1.088428098517614	0.9189401309692296	-0.014151303910439152
0.10984862433397634	1.3887139268652073	0.7211003827375099	0.037445215654492124	0.11610460308127508	1.0873517076878063	0.9197336535242474	-0.008599928926200052
0.10979186132985541	1.390256699905948	0.7203792789591756	0.03888597493197016	0.11503178146822692	1.0850805983295058	0.921596305112841	-0.002504030771253055
0.10955350203197646	1.3875951082484559	0.7217883532004364	0.03936988813337178	0.11494052182901245	1.0808169620797334	0.9252309010937496	0.0022916680477201076
0.10992380038260673	1.382290632833678	0.7245563440157704	0.03933760660252713	0.11437960670128104	1.078606421805731	0.9272427094462605	0.011399165815189573
0.10991049314971298	1.3806373395091465	0.7252886605788992	0.036886402885124465	0.11337564130143207	1.0746270447169268	0.9307684976554222	0.015132744333410704
0.1098237601054723	1.3777672083215333	0.726974115788174	0.040013723039570126	0.11352599750282842	1.0719978291391634	0.9331862242223349	0.019328904493420413
0.109760430590187	1.3832189380887394	0.7242255960861942	0.04198285310730697	0.11350229716141082	1.069305316065256	0.9357242367978786	0.023977088628022565
0.10947795954584916	1.375043481076195	0.7283399727400254	0.03871861985382698	0.11312520823276084	1.0700889637605469	0.9351131217183413	0.025577947894035887
0.10900149070245257	1.3786946986173136	0.7264985556285478	0.04024558607120118	0.1126301111216457	1.0710915493716544	0.9344516799042497	0.029720323712705048
0.10965653583135677	1.379793827418665	0.725726215927766	0.036777073470256195	0.1133103671731835	1.0642165459905146	0.9409218383974074	0.03666863654860977
0.10995710261793341	1.3627758146553246	0.7346540528027864	0.034187355822777765	0.11269482760340897	1.0663111365202527	0.9392243848153111	0.03879975798828319
0.11006471860323488	1.365788850523857	0.7333249045143982	0.039585077961742834	0.11237789071860776	1.0653181108598337	0.940281955149724	0.04122373267542583
0.11011778828972178	1.3717219303993196	0.730214165550467	0.04062985077274107	0.11115916238272776	1.0662220224864567	0.939812405879206	0.04526239227426964
0.10971064095127926	1.3717159423444063	0.7300553133325417	0.03779566233694348	0.11138313353643306	1.0618497973195231	0.9437020028884723	0.04549484033549527
0.11000891755093244	1.373824514389386	0.7291722989268068	0.041890088079548325	0.11184116648747525	1.0608491808958034	0.9450689937085751	0.050751038075719
0.11065650337553426	1.3724449597805677	0.7299779535099276	0.043064637994923716	0.1115043204737476	1.0709035563264755	0.9359401955211446	0.04797586781383495
0.1100244610236069	1.3783193915382113	0.7268350997058479	0.04255481612202492	0.11116468623187778	1.0697739176184409	0.9367549939102328	0.04600064873443032
0.11022866155365188	1.3749259149407893	0.7284827340354011	0.04012218354216883	0.1109554271535462	1.068997614782749	0.9381822545636744	0.05398696472362429
0.11074386179730204	1.3820257912198979	0.7246243585168833	0.03807298801652881	0.11066074304240399	1.0544525655145058	0.9509819869403785	0.052587031551175924
0.11127576092631052	1.3790673035295826	0.7259311233313097	0.03328478332076359	0.11053852118241404	1.055460438352247	0.9501166278899217	0.053014267498999214
0.11074437276459263	1.3801463318822014	0.7252751940282843	0.03139902296709865	0.10945618700597717	1.0584805839039835	0.947769805484738	0.0565326199291196
0.10987173640276994	1.379987777867686	0.7252880537005424	0.029810225430048347	0.10995183492213921	1.0505508152846015	0.9559437710291842	0.0653261664338695
0.10973469703385699	1.3752835908999685	0.727929635448799	0.03331190421650149	0.1093333077755264	1.055001589554963	0.9522240923906962	0.06780804587006022
0.11028379942010283	1.3761726397450673	0.7277886702499273	0.03953296743725248	0.1104345928240361	1.044230373228213	0.9623121842239866	0.0698255776508179
0.11063982962218455	1.372274123613504	0.7297415219578585	0.03748876510509266	0.10908517540570614	1.0460508322635753	0.9607142657027354	0.07039855968580751
0.11002945041161	1.3788228745580142	0.7262218404906836	0.03648678763848461	0.10927276205200624	1.0485536974134801	0.9587428088504283	0.07275518599180604
0.11030547558631763	1.368901448718024	0.7313835526131295	0.034525421657788026	0.10897669388270546	1.0497668446940065	0.9578430424788597	0.07424195858906094
